contest_id,minPosition,maxPosition,payout
185950849,192,352,5.0
185950849,21,25,25.0
185950849,17,20,30.0
185950849,14,16,35.0
185950849,11,13,40.0
185950849,8,10,50.0
185950849,6,7,60.0
185950849,5,5,75.0
185950849,4,4,100.0
185950849,3,3,200.0
185950849,26,35,20.0
185950849,2,2,400.0
185950849,46,65,10.0
185950849,66,100,8.0
185950849,101,191,6.0
185950849,353,1053,4.0
185950849,1,1,2000.0
185950849,36,45,15.0
185950850,3,3,800.0
185950850,2,2,1200.0
185950850,1,1,2000.0
185950851,13,15,250.0
185950851,21,27,150.0
185950851,16,20,200.0
185950851,2,2,1000.0
185950851,3,3,800.0
185950851,4,4,700.0
185950851,5,5,600.0
185950851,6,6,500.0
185950851,7,8,400.0
185950851,9,10,350.0
185950851,11,12,300.0
185950851,1,1,1500.0
185950852,9,9,125.0
185950852,10,10,100.0
185950852,21,30,30.0
185950852,13,15,60.0
185950852,16,20,40.0
185950852,31,50,20.0
185950852,11,12,80.0
185950852,8,8,150.0
185950852,6,6,200.0
185950852,5,5,250.0
185950852,4,4,300.0
185950852,51,94,15.0
185950852,3,3,400.0
185950852,2,2,600.0
185950852,1,1,1000.0
185950852,95,244,12.0
185950852,7,7,175.0
185950852,245,544,10.0
185950853,1,15,200.0
185950854,1,30,100.0
185950855,1,1,300.0
185950855,2,2,250.0
185950855,3,3,200.0
185950855,5,5,100.0
185950855,4,4,150.0
185950856,5,5,400.0
185950856,9,11,200.0
185950856,4,4,550.0
185950856,6,6,300.0
185950856,7,8,250.0
185950856,3,3,700.0
185950856,2,2,850.0
185950856,1,1,1100.0
185950857,3,3,100.0
185950857,4,4,80.0
185950857,5,5,65.0
185950857,6,6,50.0
185950857,96,175,6.0
185950857,51,95,8.0
185950857,31,50,10.0
185950857,21,30,15.0
185950857,16,20,20.0
185950857,11,15,25.0
185950857,9,10,30.0
185950857,7,8,40.0
185950857,1,1,300.0
185950857,2,2,200.0
185950857,176,305,5.0
185950858,1,200,10.0
185950859,1,500,4.0
185950860,2,2,300.0
185950860,14,22,50.0
185950860,11,13,60.0
185950860,8,8,80.0
185950860,1,1,350.0
185950860,9,10,70.0
185950860,3,3,250.0
185950860,4,4,200.0
185950860,5,5,150.0
185950860,6,6,120.0
185950860,23,39,40.0
185950860,7,7,100.0
185950861,71,140,2.0
185950861,1811,4556,0.5
185950861,721,1810,0.75
185950861,296,720,1.0
185950861,141,295,1.5
185950861,2,2,150.0
185950861,17,20,8.0
185950861,26,35,5.0
185950861,21,25,6.0
185950861,14,16,10.0
185950861,11,13,15.0
185950861,9,10,20.0
185950861,8,8,25.0
185950861,7,7,30.0
185950861,6,6,40.0
185950861,5,5,50.0
185950861,4,4,75.0
185950861,3,3,100.0
185950861,1,1,200.0
185950861,46,70,3.0
185950861,36,45,4.0
185950862,3357,9972,1.0
185950862,2,2,1000.0
185950862,1661,3356,1.5
185950862,781,1660,2.0
185950862,426,780,3.0
185950862,256,425,4.0
185950862,166,255,5.0
185950862,126,165,6.0
185950862,96,125,8.0
185950862,1,1,2000.0
185950862,56,70,15.0
185950862,46,55,20.0
185950862,71,95,10.0
185950862,26,35,30.0
185950862,15,19,50.0
185950862,11,14,60.0
185950862,9,10,75.0
185950862,7,8,100.0
185950862,6,6,150.0
185950862,5,5,200.0
185950862,4,4,250.0
185950862,3,3,500.0
185950862,36,45,25.0
185950862,20,25,40.0
185950863,1,1,2100.0
185950863,2,2,1400.0
185950863,3,3,800.0
185950863,4,4,500.0
185950864,2,2,300.0
185950864,10,12,80.0
185950864,26,30,50.0
185950864,21,25,55.0
185950864,17,20,60.0
185950864,13,16,70.0
185950864,8,9,100.0
185950864,6,6,130.0
185950864,5,5,165.0
185950864,4,4,205.0
185950864,3,3,250.0
185950864,7,7,115.0
185950864,1,1,350.0
185950865,6,6,150.0
185950865,5,5,200.0
185950865,92,174,25.0
185950865,4,4,250.0
185950865,9,10,80.0
185950865,14,16,60.0
185950865,52,91,30.0
185950865,17,21,50.0
185950865,7,7,125.0
185950865,11,13,70.0
185950865,1,1,900.0
185950865,22,31,40.0
185950865,32,51,35.0
185950865,8,8,100.0
185950865,2,2,650.0
185950865,3,3,450.0
185950866,11,13,15.0
185950866,14,18,12.0
185950866,19,25,10.0
185950866,107,206,3.0
185950866,6,6,30.0
185950866,39,60,6.0
185950866,7,8,25.0
185950866,9,10,20.0
185950866,1,1,200.0
185950866,2,2,100.0
185950866,3,3,75.0
185950866,4,4,60.0
185950866,5,5,50.0
185950866,61,106,4.0
185950866,26,38,8.0
185950867,5,5,35.0
185950867,4,4,45.0
185950867,3,3,60.0
185950867,2,2,100.0
185950867,1,1,200.0
185950867,6,7,25.0
185950867,166,322,2.0
185950867,8,10,20.0
185950867,11,15,15.0
185950867,16,20,10.0
185950867,21,25,8.0
185950867,323,616,1.5
185950867,26,35,6.0
185950867,36,55,5.0
185950867,56,95,4.0
185950867,96,165,3.0
185950868,1,5,200.0
185950869,1,80,50.0
185950870,1,20,50.0
185950871,1,100,20.0
185950872,1,200,10.0
185950873,3,3,60.0
185950873,1,1,200.0
185950873,2,2,100.0
185950873,4,4,45.0
185950873,5,5,35.0
185950873,8,10,20.0
185950873,11,15,15.0
185950873,16,20,10.0
185950873,21,25,8.0
185950873,6,7,25.0
185950873,36,55,5.0
185950873,56,95,4.0
185950873,96,165,3.0
185950873,166,322,2.0
185950873,323,616,1.5
185950873,26,35,6.0
185950874,3,3,15.0
185950874,2,2,25.0
185950874,1,1,50.0
185950874,9,10,4.0
185950874,11,15,3.0
185950874,16,25,2.0
185950874,46,95,1.0
185950874,6,6,6.0
185950874,226,536,0.5
185950874,7,8,5.0
185950874,96,225,0.75
185950874,4,4,10.0
185950874,26,45,1.5
185950874,5,5,8.0
185950875,3,3,25.0
185950875,5,5,15.0
185950875,4,4,20.0
185950875,9,18,4.5
185950875,2,2,32.5
185950875,1,1,40.0
185950875,6,8,7.5
185950876,3,3,20.0
185950876,1,1,85.0
185950876,2,2,50.0
185950877,1,1,50.0
185950877,2,2,38.0
185950877,3,3,28.0
185950877,5,5,14.0
185950877,4,4,20.0
185950877,6,10,10.0
185950878,1,1,220.0
185950879,7,8,60.0
185950879,6,6,75.0
185950879,3,3,500.0
185950879,62,175,10.0
185950879,5,5,100.0
185950879,176,399,7.5
185950879,4,4,250.0
185950879,31,61,15.0
185950879,1,1,2000.0
185950879,23,30,20.0
185950879,2,2,1000.0
185950879,11,15,40.0
185950879,9,10,50.0
185950879,16,22,30.0
185950880,2,2,150.0
185950880,1,1,390.0
185950882,1,1,500.0
185950885,1,1,2000.0
185950888,26,35,2.0
185950888,21,25,3.0
185950888,61,140,1.0
185950888,141,370,0.75
185950888,17,20,4.0
185950888,14,16,5.0
185950888,11,13,6.0
185950888,8,10,8.0
185950888,6,7,10.0
185950888,36,60,1.5
185950888,371,1104,0.5
185950888,5,5,15.0
185950888,1,1,100.0
185950888,4,4,20.0
185950888,3,3,30.0
185950888,2,2,50.0
185950891,8,8,30.0
185950891,1,1,100.0
185950891,7,7,35.0
185950891,9,9,25.0
185950891,2,2,85.0
185950891,6,6,40.0
185950891,5,5,50.0
185950891,3,3,75.0
185950891,4,4,60.0
185950895,3,3,70.0
185950895,16,25,12.0
185950895,11,15,15.0
185950895,2,2,100.0
185950895,1,1,150.0
185950895,4,4,45.0
185950895,5,5,30.0
185950895,26,55,10.0
185950895,6,7,25.0
185950895,8,10,20.0
185950897,4,4,100.0
185950897,3,3,150.0
185950897,2,2,200.0
185950897,1,1,300.0
185950899,4,4,60.0
185950899,3,3,100.0
185950899,2,2,150.0
185950899,1,1,200.0
185950901,1,1,100.0
185950901,2,2,80.0
185950901,3,3,60.0
185950901,12,20,10.0
185950901,21,40,8.0
185950901,5,5,40.0
185950901,6,6,30.0
185950901,7,7,25.0
185950901,8,8,20.0
185950901,9,11,15.0
185950901,4,4,50.0
185950901,41,90,6.0
185950903,9,10,40.0
185950903,11,15,30.0
185950903,36,50,8.0
185950903,3,3,150.0
185950903,4,4,100.0
185950903,5,5,80.0
185950903,21,25,15.0
185950903,26,35,10.0
185950903,1,1,400.0
185950903,16,20,20.0
185950903,51,80,6.0
185950903,151,300,3.0
185950903,301,601,2.0
185950903,602,1103,1.5
185950903,6,6,70.0
185950903,7,7,60.0
185950903,8,8,50.0
185950903,81,150,4.0
185950903,2,2,200.0
185950905,31,40,4.0
185950905,1,1,500.0
185950905,2,2,100.0
185950905,3,3,50.0
185950905,16,20,6.0
185950905,5,5,30.0
185950905,6,6,25.0
185950905,326,1025,1.0
185950905,126,325,1.5
185950905,61,125,2.0
185950905,7,7,20.0
185950905,8,8,15.0
185950905,9,10,10.0
185950905,11,15,8.0
185950905,4,4,40.0
185950905,41,60,3.0
185950905,21,30,5.0
185950906,4,4,550.0
185950906,5,5,400.0
185950906,6,6,300.0
185950906,3,3,700.0
185950906,9,11,200.0
185950906,1,1,1100.0
185950906,7,8,250.0
185950906,2,2,850.0
185950907,1,1,400.0
185950907,2,2,200.0
185950907,90,212,10.0
185950907,9,9,50.0
185950907,10,11,40.0
185950907,12,16,30.0
185950907,8,8,60.0
185950907,17,27,25.0
185950907,7,7,70.0
185950907,6,6,80.0
185950907,5,5,100.0
185950907,28,47,20.0
185950907,4,4,125.0
185950907,3,3,150.0
185950907,48,89,15.0
185950908,3,3,200.0
185950908,2,2,300.0
185950908,1,1,500.0
185950908,6,9,75.0
185950908,4,5,100.0
185950909,4,4,300.0
185950909,2363,4636,1.5
185950909,1156,2362,2.0
185950909,591,1155,3.0
185950909,321,590,4.0
185950909,181,320,5.0
185950909,111,180,6.0
185950909,86,110,8.0
185950909,66,85,10.0
185950909,51,65,15.0
185950909,1,1,1000.0
185950909,31,40,25.0
185950909,41,50,20.0
185950909,21,25,40.0
185950909,17,20,50.0
185950909,14,16,60.0
185950909,2,2,600.0
185950909,11,13,75.0
185950909,9,10,100.0
185950909,7,8,150.0
185950909,6,6,200.0
185950909,5,5,250.0
185950909,26,30,30.0
185950909,3,3,400.0
185950910,611,1490,0.75
185950910,1491,3419,0.5
185950910,56,120,2.0
185950910,36,55,3.0
185950910,256,610,1.0
185950910,4,4,45.0
185950910,5,5,35.0
185950910,6,6,25.0
185950910,2,2,100.0
185950910,7,8,20.0
185950910,121,255,1.5
185950910,9,10,15.0
185950910,11,13,10.0
185950910,14,16,8.0
185950910,17,20,6.0
185950910,21,25,5.0
185950910,1,1,150.0
185950910,26,35,4.0
185950910,3,3,60.0
185950911,2,2,3850.0
185950911,1,1,7500.0
185950912,4,4,250.0
185950912,11,16,75.0
185950912,3,3,350.0
185950912,8,10,100.0
185950912,1,1,1000.0
185950912,6,7,150.0
185950912,17,29,50.0
185950912,5,5,200.0
185950912,2,2,500.0
185950913,2,2,80.0
185950913,1,1,100.0
185950913,4,4,50.0
185950913,5,5,40.0
185950913,38,67,8.0
185950913,23,37,10.0
185950913,6,6,30.0
185950913,7,8,25.0
185950913,9,10,20.0
185950913,15,22,12.0
185950913,3,3,60.0
185950913,11,14,16.0
185950914,17,20,40.0
185950914,4,4,150.0
185950914,3,3,250.0
185950914,2,2,400.0
185950914,1,1,750.0
185950914,21,26,30.0
185950914,158,357,7.0
185950914,27,38,20.0
185950914,15,16,50.0
185950914,39,68,15.0
185950914,13,14,60.0
185950914,11,12,70.0
185950914,8,10,80.0
185950914,69,157,10.0
185950914,6,7,90.0
185950914,358,707,5.0
185950914,5,5,100.0
185950915,556,1125,1.5
185950915,1,1,600.0
185950915,2,2,300.0
185950915,3,3,150.0
185950915,256,555,2.0
185950915,21,30,8.0
185950915,1126,3280,1.0
185950915,4,4,100.0
185950915,5,5,75.0
185950915,6,6,50.0
185950915,7,8,25.0
185950915,9,10,20.0
185950915,11,14,15.0
185950915,15,20,10.0
185950915,31,40,6.0
185950915,41,70,5.0
185950915,71,130,4.0
185950915,131,255,3.0
185950916,1,1,1600.0
185950916,2,2,1000.0
185950916,3,3,700.0
185950917,14,18,35.0
185950917,10,13,40.0
185950917,8,9,50.0
185950917,7,7,60.0
185950917,6,6,70.0
185950917,5,5,80.0
185950917,4,4,100.0
185950917,3,3,125.0
185950917,2,2,150.0
185950917,1,1,200.0
185950917,30,47,25.0
185950917,19,29,30.0
185950918,1,20,50.0
185950919,1,25,20.0
185950920,1,50,10.0
185951139,1,1,2.7
185951140,1,1,2.7
185951141,1,1,2.7
185951143,1,1,13.5
185951144,1,1,27.0
185951145,1,1,27.0
185951146,1,1,27.0
185951147,1,1,54.0
185951148,1,1,300.0
185951149,1,1,1500.0
185951150,1,1,135.0
185951151,1,1,3000.0
185951152,1,1,6000.0
185951156,1,1,54.0
185951157,1,1,135.0
185951158,1,1,27.0
185951159,1,1,13.5
185951160,1,1,2.7
185951161,1,2,10000.0
185951162,1,2,2000.0
185951163,1,2,1000.0
185951164,1,2,300.0
185951165,1,2,200.0
185951166,1,2,90.0
185951167,1,10,36.0
185951168,1,5,36.0
185951169,1,2,36.0
185951170,1,2,36.0
185951171,1,10,18.0
185951172,1,5,18.0
185951173,1,5,18.0
185951174,1,2,18.0
185951175,1,2,18.0
185951176,1,2,18.0
185951177,1,10,9.0
185951178,1,10,9.0
185951179,1,5,9.0
185951180,1,5,9.0
185951181,1,5,9.0
185951182,1,10,3.6
185951183,1,10,3.6
185951184,1,5,3.6
185951185,1,5,3.6
185951186,1,5,3.6
185951187,1,10,1.8
185951188,1,10,1.8
185951189,1,5,1.8
185951190,1,5,1.8
185951191,1,5,1.8
185951192,1,2,90.0
185951193,1,2,36.0
185951194,1,5,18.0
185951195,1,5,9.0
185951196,1,5,5.4
185951197,1,5,1.8
185951198,1,1,30.0
185951198,2,2,15.0
185951199,1,1,15.0
185951199,2,2,7.5
185951200,1,1,13.5
185951201,2,2,3.0
185951201,1,1,6.0
185951202,1,1,5.4
185951203,1,1,3.0
185951203,2,2,1.5
185951204,1,1,30000.0
185951205,1,1,15000.0
185951206,1,1,3000.0
185951207,1,1,1500.0
185951208,1,1,450.0
185951209,1,1,300.0
185951210,1,1,300.0
185951211,1,1,150.0
185951211,2,2,75.0
185951213,2,2,30.0
185951213,1,1,60.0
185951214,2,2,30.0
185951214,1,1,60.0
185951215,1,1,54.0
185951216,1,1,54.0
185951217,1,1,54.0
185951218,3,3,15.0
185951218,2,2,25.0
185951218,1,1,50.0
185951219,1,1,30.0
185951219,2,2,15.0
185951220,2,2,15.0
185951220,1,1,30.0
185951221,1,1,27.0
185951222,1,1,27.0
185951223,1,1,27.0
185951224,1,1,25.0
185951224,3,3,7.5
185951224,2,2,12.5
185951225,2,2,12.5
185951225,1,1,25.0
185951225,3,3,7.5
185951226,2,2,7.5
185951226,1,1,15.0
185951227,2,2,7.5
185951227,1,1,15.0
185951228,1,1,15.0
185951228,2,2,7.5
185951229,1,1,13.5
185951230,1,1,13.5
185951231,1,1,13.5
185951232,3,3,7.2
185951232,2,2,10.8
185951232,4,4,3.6
185951232,1,1,14.4
185951233,1,1,14.4
185951233,4,4,3.6
185951233,3,3,7.2
185951233,2,2,10.8
185951234,1,1,10.0
185951234,2,2,5.0
185951234,3,3,3.0
185951235,1,1,10.0
185951235,2,2,5.0
185951235,3,3,3.0
185951236,2,2,5.0
185951236,1,1,10.0
185951236,3,3,3.0
185951237,1,1,6.0
185951237,2,2,3.0
185951238,1,1,6.0
185951238,2,2,3.0
185951239,2,2,3.0
185951239,1,1,6.0
185951240,1,1,5.4
185951241,1,1,5.4
185951242,1,1,5.4
185951243,3,3,1.5
185951243,1,1,5.0
185951243,2,2,2.5
185951244,2,2,1.5
185951244,1,1,3.0
185951245,1,1,2.7
185951246,1,1,2.7
185951247,1,3,200.0
185951248,1,1,40000.0
185951249,1,1,40000.0
185951250,1,1,40000.0
185951251,1,2,90.0
185951252,1,2,36.0
185951253,1,5,18.0
185951254,1,5,9.0
185951255,1,5,5.4
185951256,1,2,5.4
185951257,1,5,1.8
185951258,1,1,135.0
185951259,1,1,54.0
185951260,1,1,30.0
185951260,2,2,15.0
185951261,1,1,27.0
185951262,1,1,6.0
185951262,2,2,3.0
185951263,1,1,5.4
185951264,1,1,340.0
185951264,2,2,160.0
185951265,1,5,20.0
185951266,1,5,50.0
185951267,1,5,100.0
185951268,1,5,10.0
185951269,1,5,6.0
185951270,1,5,2.0
185951271,1,10,50.0
185951272,1,10,100.0
185951273,1,1,4000.0
185951274,1,1,1000.0
185951275,1,1,1500.0
185951276,1,1,4444.0
185951277,1,1,888.0
185951278,1,1,200.0
185951282,1,1,13.5
185951285,1,1,54.0
185951286,1,1,135.0
185951288,1,1,1500.0
185951289,1,1,3000.0
185951290,1,1,6000.0
185951291,1,1,15000.0
185951292,1,1,30000.0
185951293,1,1,54.0
185951294,1,1,135.0
185951295,1,1,27.0
185951296,1,1,13.5
185951297,1,1,2.7
185951298,1,2,10000.0
185951299,1,2,2000.0
185951300,1,2,1000.0
185951301,1,2,300.0
185951302,1,2,200.0
185951303,1,2,90.0
185951304,1,10,36.0
185951305,1,5,36.0
185951306,1,2,36.0
185951307,1,2,36.0
185951308,1,10,18.0
185951309,1,5,18.0
185951310,1,5,18.0
185951311,1,2,18.0
185951312,1,2,18.0
185951313,1,2,18.0
185951314,1,10,9.0
185951315,1,10,9.0
185951316,1,5,9.0
185951317,1,5,9.0
185951318,1,5,9.0
185951319,1,10,3.6
185951320,1,10,3.6
185951321,1,5,3.6
185951322,1,5,3.6
185951323,1,5,3.6
185951324,1,10,1.8
185951325,1,10,1.8
185951326,1,5,1.8
185951327,1,5,1.8
185951328,1,5,1.8
185951329,1,2,90.0
185951330,1,2,36.0
185951331,1,5,18.0
185951332,1,5,9.0
185951333,1,5,5.4
185951334,1,5,1.8
185951335,1,1,30.0
185951335,2,2,15.0
185951336,2,2,7.5
185951336,1,1,15.0
185951337,1,1,13.5
185951338,2,2,3.0
185951338,1,1,6.0
185951339,1,1,5.4
185951340,1,1,3.0
185951340,2,2,1.5
185951341,1,1,30000.0
185951342,1,1,15000.0
185951343,1,1,3000.0
185951344,1,1,1500.0
185951345,1,1,450.0
185951346,1,1,300.0
185951347,1,1,300.0
185951348,2,2,75.0
185951348,1,1,150.0
185951349,1,1,135.0
185951350,1,1,60.0
185951350,2,2,30.0
185951351,2,2,30.0
185951351,1,1,60.0
185951352,1,1,54.0
185951353,1,1,54.0
185951354,1,1,54.0
185951355,1,1,50.0
185951355,2,2,25.0
185951355,3,3,15.0
185951356,2,2,15.0
185951356,1,1,30.0
185951357,2,2,15.0
185951357,1,1,30.0
185951358,1,1,27.0
185951359,1,1,27.0
185951360,1,1,27.0
185951361,1,1,25.0
185951361,3,3,7.5
185951361,2,2,12.5
185951362,3,3,7.5
185951362,1,1,25.0
185951362,2,2,12.5
185951363,2,2,7.5
185951363,1,1,15.0
185951364,1,1,15.0
185951364,2,2,7.5
185951365,1,1,15.0
185951365,2,2,7.5
185951366,1,1,13.5
185951367,1,1,13.5
185951368,1,1,13.5
185951369,3,3,7.2
185951369,2,2,10.8
185951369,4,4,3.6
185951369,1,1,14.4
185951370,1,1,14.4
185951370,2,2,10.8
185951370,3,3,7.2
185951370,4,4,3.6
185951371,1,1,10.0
185951371,2,2,5.0
185951371,3,3,3.0
185951372,1,1,10.0
185951372,2,2,5.0
185951372,3,3,3.0
185951373,3,3,3.0
185951373,2,2,5.0
185951373,1,1,10.0
185951374,2,2,3.0
185951374,1,1,6.0
185951375,2,2,3.0
185951375,1,1,6.0
185951376,2,2,3.0
185951376,1,1,6.0
185951377,1,1,5.4
185951378,1,1,5.4
185951379,1,1,5.4
185951380,2,2,2.5
185951380,3,3,1.5
185951380,1,1,5.0
185951381,1,1,3.0
185951381,2,2,1.5
185951382,1,1,2.7
185951383,1,1,2.7
185951384,1,3,200.0
185951385,1,1,40000.0
185951386,1,1,40000.0
185951387,1,1,40000.0
185951388,1,2,90.0
185951389,1,2,36.0
185951390,1,5,18.0
185951391,1,5,9.0
185951392,1,5,5.4
185951393,1,2,5.4
185951394,1,5,1.8
185951395,1,1,135.0
185951396,1,1,54.0
185951397,2,2,15.0
185951397,1,1,30.0
185951398,1,1,27.0
185951399,2,2,3.0
185951399,1,1,6.0
185951400,1,1,5.4
185951401,2,2,160.0
185951401,1,1,340.0
185951402,1,5,20.0
185951403,1,5,50.0
185951404,1,5,100.0
185951405,1,5,10.0
185951406,1,5,6.0
185951407,1,5,2.0
185951408,1,10,50.0
185951409,1,10,100.0
185951410,1,1,4000.0
185951411,1,1,1000.0
185951412,1,1,1500.0
185951413,1,1,4444.0
185951414,1,1,888.0
185951415,1,1,200.0
185951419,1,5,25.0
185951420,1,5,50.0
185951421,1,5,500.0
185951422,1,10,100.0
185951423,1,3,150.0
185951424,1,3,100.0
185951425,1,5,20.0
185951426,1,1,40.0
185951426,17,29,2.0
185951426,30,55,1.5
185951426,2,2,20.0
185951426,11,16,2.5
185951426,7,10,5.0
185951426,5,6,7.5
185951426,4,4,10.0
185951426,3,3,15.0
185951427,5,5,3.0
185951427,4,4,4.5
185951427,3,3,6.0
185951427,2,2,8.0
185951427,1,1,10.0
185951427,6,7,2.5
185951427,11,15,1.5
185951427,8,10,2.0
185951428,3,3,3.0
185951428,4,5,2.0
185951428,6,8,1.5
185951428,9,14,1.0
185951428,15,26,0.75
185951428,27,55,0.5
185951428,1,1,5.0
185951428,2,2,4.0
185951429,1,5,100.0
185951430,1,5,200.0
185951431,1,6,30.0
185951432,1,3,50.0
185951433,1,1,50.0
185951434,1,1,50.0
185951435,1,10,50.0
185951436,1,10,20.0
185951437,1,10,20.0
185951438,1,10,20.0
185951439,1,10,6.0
185951440,1,10,6.0
185951441,1,10,50.0
185951442,1,10,10.0
185951443,1,10,10.0
185951444,1,10,10.0
185951445,1,10,10.0
185951446,1,10,10.0
185951447,1,10,2.0
185951448,1,10,2.0
185951449,1,10,2.0
185951450,1,10,2.0
185951451,1,10,2.0
185951452,1,10,2.0
185951453,1,10,6.0
185951454,1,10,10.0
185951455,1,10,10.0
185951456,1,10,10.0
185951457,1,10,20.0
185951458,1,1,100.0
185951459,1,1,100.0
185951460,1,1,100.0
185951461,1,6,15.0
185951462,1,9,3.0
185951463,1,9,15.0
185951464,1,9,3.0
185951465,1,5,50.0
185951466,1,5,20.0
185951467,1,5,20.0
185951468,1,5,20.0
185951469,1,5,20.0
185951470,1,5,20.0
185951471,1,17,2.0
185951472,1,17,2.0
185951473,1,5,20.0
185951474,1,5,20.0
185951475,1,5,50.0
185951476,1,5,20.0
185951477,1,10,10.0
185951478,1,10,2.0
185951479,1,10,6.0
185951480,1,10,20.0
185951481,1,5,5.0
185951482,1,1,50.0
185951483,1,10,50.0
185951484,1,3,75.0
185951485,1,17,2.0
185951486,1,17,10.0
185951487,1,5,5.0
185951488,1,5,5.0
185951489,1,5,5.0
185951490,1,3,30.0
185951491,1,3,30.0
185951492,1,3,30.0
185951493,1,5,5.0
185951494,1,5,5.0
185951495,1,17,2.0
185951496,1,3,30.0
185951497,1,1,300.0
185951498,1,1,300.0
185951499,1,1,300.0
185951500,1,1,110.0
185951501,1,1,110.0
185951502,1,1,300.0
185951503,1,1,110.0
185951504,1,1,300.0
185951505,1,1,110.0
185951506,1,5,50.0
185951507,1,1,100.0
185951508,1,1,100.0
185951509,7,8,2.0
185951509,11,13,1.0
185951509,14,23,0.75
185951509,24,48,0.5
185951509,1,1,25.0
185951509,6,6,3.0
185951509,5,5,4.0
185951509,49,113,0.4
185951509,114,283,0.3
185951509,284,698,0.2
185951509,4,4,5.0
185951509,9,10,1.5
185951509,2,2,15.0
185951509,3,3,8.0
185951510,9,10,1.5
185951510,24,48,0.5
185951510,6,6,3.0
185951510,4,4,5.0
185951510,3,3,8.0
185951510,2,2,15.0
185951510,7,8,2.0
185951510,114,283,0.3
185951510,284,698,0.2
185951510,14,23,0.75
185951510,49,113,0.4
185951510,5,5,4.0
185951510,11,13,1.0
185951510,1,1,25.0
185951512,1,5,25.0
185951513,1,3,100.0
185951514,1,5,100.0
185951515,1,5,200.0
185951516,1,10,6.0
185951517,1,10,6.0
185951518,1,10,10.0
185951519,1,10,10.0
185951520,1,10,2.0
185951521,1,10,2.0
185951522,1,10,2.0
185951523,1,10,2.0
185951524,1,10,2.0
185951525,1,10,2.0
185951526,1,10,2.0
185951527,1,10,6.0
185951528,1,10,10.0
185951529,1,6,15.0
185951530,1,5,50.0
185951531,1,5,20.0
185951532,1,5,20.0
185951533,1,5,50.0
185951534,1,5,20.0
185951535,1,10,10.0
185951536,1,10,2.0
185951537,1,10,6.0
185951538,1,5,5.0
185951539,1,5,5.0
185951540,1,6,3.0
185951541,1,3,30.0
185951542,1,6,3.0
185951543,1,5,5.0
185951544,1,1,300.0
185951545,1,1,110.0
185951546,1,1,300.0
185951547,1,1,110.0
185951548,1,1,300.0
185951549,1,1,110.0
185951550,9,10,1.5
185951550,6,6,3.0
185951550,5,5,4.0
185951550,4,4,5.0
185951550,14,23,0.75
185951550,2,2,15.0
185951550,11,13,1.0
185951550,7,8,2.0
185951550,1,1,25.0
185951550,49,113,0.4
185951550,114,283,0.3
185951550,284,698,0.2
185951550,3,3,8.0
185951550,24,48,0.5
185951553,1,1,20.0
185951554,1,1,20.0
185951555,1,1,20.0
185951556,1,1,20.0
185951557,1,1,20.0
185951558,1,1,20.0
185951559,1,1,15.0
185951560,1,1,15.0
185951561,1,1,15.0
185951562,1,1,15.0
185951563,1,1,15.0
185951564,1,1,15.0
185951565,1,2,25.0
185951566,1,2,25.0
185951567,1,1,25.0
185951568,1,1,25.0
185951569,1,1,25.0
185951570,1,1,25.0
185951571,1,1,25.0
185951572,1,1,25.0
185951573,1,1,25.0
185951574,1,1,25.0
185951575,1,1,25.0
185951576,1,1,25.0
185951577,1,1,25.0
185951578,1,1,25.0
185951579,1,1,25.0
185951580,1,1,25.0
185951581,1,1,2500.0
185951582,1,1,2500.0
185951583,1,1,20.0
185951584,1,1,20.0
185951585,1,1,50.0
185951586,1,1,50.0
185951587,1,1,100.0
185951588,1,1,100.0
185951589,1,1,100.0
185951590,1,1,250.0
185951591,1,1,250.0
185951592,1,1,725.0
185951593,1,1,25.0
185951594,1,1,25.0
185951595,1,1,888.0
185951596,1,1,25.0
185951597,1,1,25.0
185951598,1,1,25.0
185951599,1,1,25.0
185951600,1,1,25.0
185951601,1,1,25.0
185951602,1,1,222.0
185951603,1,1,222.0
185951604,1,1,222.0
185951605,1,1,222.0
185951606,1,1,25.0
185951607,1,1,25.0
185951608,1,1,25.0
185951609,1,1,25.0
185951610,1,1,25.0
185951611,1,1,25.0
185951612,1,1,25.0
185951613,1,1,25.0
185951614,1,1,555.0
185951616,1,1,20.0
185951617,1,1,20.0
185951618,1,1,20.0
185951619,1,1,333.0
185951620,1,1,15.0
185951621,1,1,15.0
185951622,1,1,25.0
185951623,1,1,25.0
185951624,1,1,25.0
185951625,1,1,2500.0
185951626,1,1,20.0
185951627,1,1,25.0
185951628,1,1,25.0
185951629,1,1,25.0
185951630,1,1,25.0
185951631,1,1,222.0
185951632,1,1,222.0
185951633,1,1,25.0
185951634,1,1,25.0
185951635,1,1,25.0
185951639,1,1,54.0
185951640,1,1,135.0
185951641,1,1,27.0
185951642,1,1,13.5
185951643,1,1,2.7
185951644,1,2,10000.0
185951645,1,2,2000.0
185951646,1,2,1000.0
185951647,1,2,300.0
185951648,1,2,200.0
185951649,1,2,90.0
185951650,1,10,36.0
185951651,1,5,36.0
185951652,1,2,36.0
185951653,1,2,36.0
185951654,1,10,18.0
185951655,1,5,18.0
185951656,1,5,18.0
185951657,1,2,18.0
185951658,1,2,18.0
185951659,1,2,18.0
185951660,1,10,9.0
185951661,1,10,9.0
185951662,1,5,9.0
185951663,1,5,9.0
185951664,1,5,9.0
185951665,1,10,3.6
185951666,1,10,3.6
185951667,1,5,3.6
185951668,1,5,3.6
185951669,1,5,3.6
185951670,1,10,1.8
185951671,1,10,1.8
185951672,1,5,1.8
185951673,1,5,1.8
185951674,1,5,1.8
185951675,1,2,90.0
185951676,1,2,36.0
185951677,1,5,18.0
185951678,1,5,9.0
185951679,1,5,5.4
185951680,1,5,1.8
185951681,2,2,15.0
185951681,1,1,30.0
185951682,2,2,7.5
185951682,1,1,15.0
185951683,1,1,13.5
185951684,1,1,6.0
185951684,2,2,3.0
185951685,1,1,5.4
185951686,1,1,3.0
185951686,2,2,1.5
185951687,1,1,30000.0
185951688,1,1,15000.0
185951689,1,1,3000.0
185951690,1,1,1500.0
185951691,1,1,450.0
185951692,1,1,300.0
185951693,1,1,300.0
185951694,2,2,75.0
185951694,1,1,150.0
185951695,1,1,135.0
185951696,2,2,30.0
185951696,1,1,60.0
185951697,1,1,60.0
185951697,2,2,30.0
185951698,1,1,54.0
185951699,1,1,54.0
185951700,1,1,54.0
185951701,2,2,25.0
185951701,3,3,15.0
185951701,1,1,50.0
185951702,1,1,30.0
185951702,2,2,15.0
185951703,1,1,30.0
185951703,2,2,15.0
185951704,1,1,27.0
185951705,1,1,27.0
185951706,1,1,27.0
185951707,2,2,12.5
185951707,3,3,7.5
185951707,1,1,25.0
185951708,1,1,25.0
185951708,2,2,12.5
185951708,3,3,7.5
185951709,2,2,7.5
185951709,1,1,15.0
185951710,2,2,7.5
185951710,1,1,15.0
185951711,2,2,7.5
185951711,1,1,15.0
185951712,1,1,13.5
185951713,1,1,13.5
185951714,1,1,13.5
185951715,3,3,7.2
185951715,2,2,10.8
185951715,1,1,14.4
185951715,4,4,3.6
185951716,3,3,7.2
185951716,2,2,10.8
185951716,1,1,14.4
185951716,4,4,3.6
185951717,3,3,3.0
185951717,2,2,5.0
185951717,1,1,10.0
185951718,1,1,10.0
185951718,3,3,3.0
185951718,2,2,5.0
185951719,2,2,5.0
185951719,1,1,10.0
185951719,3,3,3.0
185951720,2,2,3.0
185951720,1,1,6.0
185951721,2,2,3.0
185951721,1,1,6.0
185951722,2,2,3.0
185951722,1,1,6.0
185951723,1,1,5.4
185951724,1,1,5.4
185951725,1,1,5.4
185951726,1,1,5.0
185951726,2,2,2.5
185951726,3,3,1.5
185951727,2,2,1.5
185951727,1,1,3.0
185951728,1,1,2.7
185951729,1,1,2.7
185951730,1,3,200.0
185951731,1,1,40000.0
185951732,1,1,40000.0
185951733,1,1,40000.0
185951734,1,2,90.0
185951735,1,2,36.0
185951736,1,5,18.0
185951737,1,5,9.0
185951738,1,5,5.4
185951739,1,2,5.4
185951740,1,5,1.8
185951741,1,1,135.0
185951742,1,1,54.0
185951743,2,2,15.0
185951743,1,1,30.0
185951744,1,1,27.0
185951745,2,2,3.0
185951745,1,1,6.0
185951746,1,1,5.4
185951747,2,2,160.0
185951747,1,1,340.0
185951748,1,5,20.0
185951749,1,5,50.0
185951750,1,5,100.0
185951751,1,5,10.0
185951752,1,5,6.0
185951753,1,5,2.0
185951754,1,10,50.0
185951755,1,10,100.0
185951756,1,1,4000.0
185951757,1,1,1000.0
185951758,1,1,1500.0
185951759,1,1,4444.0
185951760,1,1,200.0
185951763,1,9,3.0
185951764,1,9,15.0
185951765,1,10,6.0
185951766,1,5,50.0
185951767,1,10,10.0
185951768,1,10,2.0
185951769,1,5,20.0
185951770,1,3,30.0
185951771,1,1,460.0
185951772,1,10,6.0
185951773,1,10,2.0
185951774,1,9,3.0
185951775,1,9,15.0
185951776,1,10,2.0
185951777,1,1,300.0
185951778,1,1,110.0
185951785,1,1,6.0
185951785,2,2,3.0
185951786,2,2,3.0
185951786,1,1,6.0
185951787,2,2,6.0
185951787,1,1,12.0
185951788,2,2,15.0
185951788,1,1,30.0
185951790,1,2,90.0
185951791,1,2,90.0
185951792,1,2,200.0
185951793,1,2,200.0
185951795,1,1,2.7
185951796,1,1,2.7
185951797,1,1,5.4
185951798,1,1,5.4
185951799,1,1,5.4
185951800,1,1,13.5
185951801,1,1,13.5
185951802,1,1,13.5
185951803,1,1,27.0
185951804,1,1,27.0
185951805,1,1,27.0
185951807,1,1,54.0
185951808,1,1,54.0
185951809,1,1,1500.0
185951810,1,1,300.0
185951811,1,1,300.0
185951812,1,1,300.0
185951813,2,2,1.5
185951813,1,1,3.0
185951814,2,2,1.5
185951814,1,1,3.0
185951815,2,2,1.5
185951815,1,1,3.0
185951816,1,1,6.0
185951816,2,2,3.0
185951817,1,1,6.0
185951817,2,2,3.0
185951818,1,1,6.0
185951818,2,2,3.0
185951819,1,1,15.0
185951819,2,2,7.5
185951820,2,2,7.5
185951820,1,1,15.0
185951821,2,2,7.5
185951821,1,1,15.0
185951822,1,1,30.0
185951822,2,2,15.0
185951823,2,2,15.0
185951823,1,1,30.0
185951824,1,1,30.0
185951824,2,2,15.0
185951825,2,2,30.0
185951825,1,1,60.0
185951826,1,1,60.0
185951826,2,2,30.0
185951827,1,1,60.0
185951827,2,2,30.0
185951828,2,2,160.0
185951828,1,1,340.0
185951829,2,2,2.5
185951829,1,1,5.0
185951829,3,3,1.5
185951830,1,1,5.0
185951830,2,2,2.5
185951830,3,3,1.5
185951831,3,3,1.5
185951831,2,2,2.5
185951831,1,1,5.0
185951832,2,2,5.0
185951832,3,3,3.0
185951832,1,1,10.0
185951833,1,1,10.0
185951833,3,3,3.0
185951833,2,2,5.0
185951834,1,1,10.0
185951834,2,2,5.0
185951834,3,3,3.0
185951835,2,2,12.5
185951835,3,3,7.5
185951835,1,1,25.0
185951836,2,2,12.5
185951836,1,1,25.0
185951836,3,3,7.5
185951837,3,3,7.5
185951837,1,1,25.0
185951837,2,2,12.5
185951838,1,5,9.0
185951839,1,5,9.0
185951840,1,5,9.0
185951841,1,1,50.0
185951841,3,3,15.0
185951841,2,2,25.0
185951842,3,3,15.0
185951842,1,1,50.0
185951842,2,2,25.0
185951843,1,5,18.0
185951844,1,5,18.0
185951845,1,5,18.0
185951846,1,5,36.0
185951847,1,5,36.0
185951848,1,1,135.0
185951849,1,1,135.0
185951850,2,2,75.0
185951850,1,1,150.0
185951851,2,2,75.0
185951851,1,1,150.0
185951852,1,1,20000.0
185951853,1,1,20000.0
185951854,1,1,20000.0
185951855,1,1,3000.0
185951856,1,2,1000.0
185951857,1,2,2000.0
185951858,1,1,90.0
185951858,2,2,55.0
185951858,3,3,35.0
185951859,1,1,90.0
185951859,2,2,55.0
185951859,3,3,35.0
185951860,2,2,5.4
185951860,1,1,7.2
185951860,4,4,1.8
185951860,3,3,3.6
185951861,4,4,1.8
185951861,3,3,3.6
185951861,1,1,7.2
185951861,2,2,5.4
185951862,3,3,3.6
185951862,2,2,5.4
185951862,1,1,7.2
185951862,4,4,1.8
185951863,1,1,14.4
185951863,3,3,7.2
185951863,4,4,3.6
185951863,2,2,10.8
185951864,3,3,7.2
185951864,2,2,10.8
185951864,1,1,14.4
185951864,4,4,3.6
185951865,1,25,1.8
185951866,1,25,1.8
185951867,1,25,1.8
185951868,1,1,135.0
185951869,1,1,135.0
185951870,1,1,3.0
185951870,2,2,1.5
185951871,1,1,3.0
185951871,2,2,1.5
185951872,1,1,3.0
185951872,2,2,1.5
185951873,1,5,90.0
185951874,1,5,90.0
185951875,2,2,157.5
185951875,1,1,292.5
185951876,1,2,10000.0
185951877,1,1,15000.0
185951878,1,1,15000.0
185951879,1,10,9.0
185951880,1,10,9.0
185951881,1,10,9.0
185951882,1,1,36.0
185951882,4,4,9.0
185951882,3,3,18.0
185951882,2,2,27.0
185951883,1,10,36.0
185951884,2,2,100.0
185951884,3,3,70.0
185951884,4,4,40.0
185951884,1,1,150.0
185951885,1,5,3.6
185951886,1,5,3.6
185951887,1,5,3.6
185951888,1,10,3.6
185951889,1,10,3.6
185951890,1,10,3.6
185951891,5,6,6.0
185951891,7,8,4.0
185951891,3,4,10.0
185951891,2,2,12.0
185951891,1,1,20.0
185951892,1,1,20.0
185951892,2,2,12.0
185951892,5,6,6.0
185951892,7,8,4.0
185951892,3,4,10.0
185951893,1,2,300.0
185951894,2,2,250.0
185951894,1,1,500.0
185951895,1,1,450.0
185951896,1,1,450.0
185951897,1,1,30000.0
185951898,1,10,18.0
185951899,1,1,72.0
185951899,4,4,18.0
185951899,3,3,36.0
185951899,2,2,54.0
185951900,1,10,1.8
185951901,1,10,1.8
185951902,1,10,1.8
185951903,1,5,1.8
185951904,1,5,1.8
185951905,1,5,1.8
185951906,4,5,4.0
185951906,6,8,2.0
185951906,1,1,10.0
185951906,2,3,6.0
185951907,4,5,4.0
185951907,2,3,6.0
185951907,1,1,10.0
185951907,6,8,2.0
185951908,1,5,90.0
185951909,1,5,9.0
185951910,1,5,9.0
185951911,1,5,9.0
185951912,1,1,15.0
185951912,2,2,7.5
185951913,1,1,15.0
185951913,2,2,7.5
185951914,2,2,7.5
185951914,1,1,15.0
185951915,1,1,13.5
185951916,1,1,13.5
185951917,1,1,13.5
185951918,1,5,5.4
185951919,1,5,5.4
185951920,1,5,5.4
185951921,1,5,36.0
185951922,1,5,36.0
185951923,1,5,36.0
185951924,2,2,30.0
185951924,1,1,60.0
185951925,1,1,54.0
185951926,1,1,54.0
185951927,1,1,54.0
185951928,2,2,3.0
185951928,1,1,6.0
185951929,1,1,6.0
185951929,2,2,3.0
185951930,2,2,3.0
185951930,1,1,6.0
185951931,1,1,5.4
185951932,1,1,5.4
185951933,1,1,5.4
185951934,1,5,18.0
185951935,1,5,18.0
185951936,1,5,18.0
185951937,1,1,30.0
185951937,2,2,15.0
185951938,1,1,27.0
185951939,1,1,27.0
185951940,1,1,27.0
185951941,1,5,1.8
185951942,1,5,1.8
185951943,1,5,1.8
185951944,1,1,2.7
185951945,1,1,2.7
185951946,1,1,2.7
185951947,1,3,200.0
185951948,1,1,40000.0
185951949,1,1,40000.0
185951950,1,1,40000.0
185951951,1,1,6000.0
185951952,1,1,6000.0
185951953,1,1,6000.0
185951953,2,2,4000.0
185951954,2,2,4000.0
185951954,1,1,6000.0
185951955,1,2,4000.0
185951956,1,2,4000.0
185951957,1,2,90.0
185951958,1,2,36.0
185951959,1,5,18.0
185951960,1,5,9.0
185951961,1,5,5.4
185951962,1,2,5.4
185951963,1,5,1.8
185951964,1,1,135.0
185951965,1,1,54.0
185951966,2,2,15.0
185951966,1,1,30.0
185951967,1,1,27.0
185951968,1,1,6.0
185951968,2,2,3.0
185951969,1,1,5.4
185951970,2,2,160.0
185951970,1,1,340.0
185951971,1,5,20.0
185951972,1,5,50.0
185951973,1,5,100.0
185951974,1,5,10.0
185951975,1,5,6.0
185951976,1,5,2.0
185951977,1,10,50.0
185951978,1,10,100.0
185951979,1,1,100000.0
185951980,1,1,4000.0
185951981,1,1,20000.0
185951982,1,1,1000.0
185951983,1,1,460.0
185951984,1,1,75000.0
185951985,1,1,20.0
185951986,1,1,333.0
185951987,1,1,3333.0
185951988,1,1,500.0
185951989,1,1,4444.0
185951990,1,1,200.0
185952014,1,1,20.0
185952015,1,1,20.0
185952016,1,1,20.0
185952017,1,1,20.0
185952018,1,1,20.0
185952019,1,1,20.0
185952020,1,1,20.0
185952021,1,1,20.0
185952022,1,1,20.0
185952023,1,1,20.0
185952024,1,1,20.0
185952025,1,1,20.0
185952026,1,1,20.0
185952027,1,1,20.0
185952028,1,1,20.0
185952029,1,1,20.0
185952030,1,1,20.0
185952031,1,1,20.0
185952032,1,1,20.0
185952033,1,1,20.0
185952034,1,1,20.0
185952035,1,1,20.0
185952036,1,1,20.0
185952037,1,1,20.0
185952038,1,1,20.0
185952039,1,1,20.0
185952040,1,1,20.0
185952041,1,1,20.0
185952042,1,1,20.0
185952043,1,1,20.0
185952044,1,1,20.0
185952045,1,1,20.0
185952046,1,2,15.0
185952047,1,2,15.0
185952048,1,2,15.0
185952049,1,1,15.0
185952050,1,1,15.0
185952051,1,1,15.0
185952052,1,1,15.0
185952053,1,1,555.0
185952054,1,1,15.0
185952055,1,10,25.0
185952056,1,10,25.0
185952057,1,10,25.0
185952058,1,10,25.0
185952059,1,4,25.0
185952060,1,4,25.0
185952061,1,4,25.0
185952062,1,4,25.0
185952063,1,2,25.0
185952064,1,2,25.0
185952065,1,2,25.0
185952066,1,2,25.0
185952067,1,2,25.0
185952068,1,2,25.0
185952069,1,2,25.0
185952070,1,2,25.0
185952071,1,2,25.0
185952072,1,2,25.0
185952073,1,2,25.0
185952074,1,2,25.0
185952075,1,2,25.0
185952076,1,2,25.0
185952077,1,2,25.0
185952078,1,2,25.0
185952079,1,2,25.0
185952080,1,1,25.0
185952081,1,1,25.0
185952082,1,1,25.0
185952083,1,1,25.0
185952084,1,1,25.0
185952085,1,1,25.0
185952086,1,1,25.0
185952087,1,1,25.0
185952088,1,1,25.0
185952089,1,1,25.0
185952090,1,1,25.0
185952091,1,1,25.0
185952092,1,1,25.0
185952093,1,1,25.0
185952094,1,1,25.0
185952095,1,1,25.0
185952096,1,1,25.0
185952097,1,1,25.0
185952098,1,1,25.0
185952099,1,1,25.0
185952100,1,1,25.0
185952101,1,1,25.0
185952102,1,1,25.0
185952103,1,1,25.0
185952104,1,1,25.0
185952105,1,1,25.0
185952106,1,1,25.0
185952107,1,1,25.0
185952108,1,1,25.0
185952109,1,1,25.0
185952110,1,1,25.0
185952111,1,1,25.0
185952112,1,1,25.0
185952113,1,1,25.0
185952114,1,1,25.0
185952115,1,1,25.0
185952116,1,1,25.0
185952117,1,1,25.0
185952118,1,1,25.0
185952119,1,1,2500.0
185952120,1,1,2500.0
185952121,1,1,2500.0
185952122,1,1,2500.0
185952123,1,1,2500.0
185952124,1,1,2500.0
185952125,1,1,2500.0
185952126,1,1,2500.0
185952127,1,1,3333.0
185952128,1,1,555.0
185952129,1,1,555.0
185952130,1,1,555.0
185952131,1,1,555.0
185952132,1,1,555.0
185952133,1,1,555.0
185952134,1,1,20.0
185952135,1,1,20.0
185952136,1,1,20.0
185952137,1,1,20.0
185952138,1,1,20.0
185952139,1,1,20.0
185952140,1,4,20.0
185952141,1,1,50.0
185952142,1,1,50.0
185952143,1,2,50.0
185952144,1,1,100.0
185952145,1,1,100.0
185952146,1,1,100.0
185952147,1,1,100.0
185952148,1,1,250.0
185952149,1,1,250.0
185952150,1,1,250.0
185952151,1,1,725.0
185952152,1,1,725.0
185952153,1,1,725.0
185952154,1,1,2830.0
185952155,1,1,25.0
185952156,1,1,25.0
185952157,1,1,25.0
185952158,1,1,4444.0
185952159,1,1,4444.0
185952160,1,1,888.0
185952161,1,1,888.0
185952162,1,1,888.0
185952163,1,1,888.0
185952164,1,1,888.0
185952165,1,1,888.0
185952166,1,1,888.0
185952167,1,1,200.0
185952168,1,1,200.0
185952169,1,1,200.0
185952170,1,1,25.0
185952171,1,1,25.0
185952172,1,1,25.0
185952173,1,1,25.0
185952174,1,1,25.0
185952175,1,1,25.0
185952176,1,2,25.0
185952177,1,1,222.0
185952178,1,1,222.0
185952179,1,1,222.0
185952180,1,1,222.0
185952181,1,1,222.0
185952182,1,1,222.0
185952183,1,1,222.0
185952184,1,1,222.0
185952185,1,1,25.0
185952186,1,1,25.0
185952187,1,1,25.0
185952188,1,1,25.0
185952189,1,1,25.0
185952190,1,1,25.0
185952191,1,1,25.0
185952192,1,1,25.0
185952193,1,1,25.0
185952194,1,1,25.0
185952195,1,1,25.0
185952196,1,2,25.0
185952197,1,2,25.0
185952198,1,2,25.0
185952199,1,1,555.0
185952225,1,1,15000.0
185952226,1,3,1000.0
185952227,1,5,25.0
185952228,1,5,50.0
185952229,1,5,500.0
185952230,1,10,100.0
185952231,1,3,150.0
185952232,1,3,100.0
185952233,1,5,50.0
185952234,1,3,20.0
185952235,9,9,10.0
185952235,8,8,12.0
185952235,7,7,14.0
185952235,5,5,20.0
185952235,4,4,23.0
185952235,3,3,28.0
185952235,6,6,17.0
185952235,2,2,33.0
185952235,1,1,43.0
185952236,1,1,12.0
185952236,2,2,10.0
185952236,3,3,8.0
185952236,4,4,6.0
185952236,5,6,5.0
185952236,16,27,2.0
185952236,10,15,3.0
185952236,7,9,4.0
185952237,1,1,10.0
185952237,5,5,3.0
185952237,3,3,6.0
185952237,2,2,8.0
185952237,8,10,2.0
185952237,11,15,1.5
185952237,6,7,2.5
185952237,4,4,4.5
185952238,1,1,5.0
185952238,15,26,0.75
185952238,2,2,4.0
185952238,3,3,3.0
185952238,4,5,2.0
185952238,6,8,1.5
185952238,27,55,0.5
185952238,9,14,1.0
185952239,1,5,100.0
185952240,1,5,200.0
185952241,1,6,30.0
185952242,1,10,2.0
185952243,1,3,50.0
185952244,1,1,175.0
185952245,1,1,120.0
185952246,1,1,50.0
185952247,1,10,50.0
185952248,1,10,20.0
185952249,1,10,6.0
185952250,1,10,6.0
185952251,1,10,50.0
185952252,1,10,10.0
185952253,1,10,10.0
185952254,1,10,2.0
185952255,1,10,2.0
185952256,1,10,2.0
185952257,1,10,2.0
185952258,1,10,2.0
185952259,1,10,2.0
185952260,1,10,2.0
185952261,1,10,2.0
185952262,1,10,2.0
185952263,1,10,2.0
185952264,1,10,2.0
185952265,1,10,2.0
185952266,1,10,2.0
185952267,1,10,2.0
185952268,1,10,2.0
185952269,1,10,6.0
185952270,1,10,10.0
185952271,1,10,20.0
185952272,1,1,30000.0
185952273,1,1,1000.0
185952274,1,1,100.0
185952275,1,1,100.0
185952276,1,1,100.0
185952277,1,1,500.0
185952278,1,6,15.0
185952279,1,9,3.0
185952280,1,18,15.0
185952281,1,30,3.0
185952282,1,9,75.0
185952283,1,9,30.0
185952284,1,9,15.0
185952285,1,18,3.0
185952286,1,9,3.0
185952287,1,1,1000.0
185952288,1,5,50.0
185952289,1,54,20.0
185952290,1,27,2.0
185952291,1,27,6.0
185952292,1,27,10.0
185952293,1,17,50.0
185952294,1,27,20.0
185952295,1,54,2.0
185952296,1,5,50.0
185952297,1,10,10.0
185952298,1,10,2.0
185952299,1,10,2.0
185952300,1,10,6.0
185952301,1,5,25.0
185952302,1,1,120.0
185952303,1,1,50.0
185952304,21,25,3.0
185952304,16,20,4.0
185952304,10,10,6.0
185952304,1,1,40.0
185952304,3,3,15.0
185952304,4,4,12.0
185952304,11,15,5.0
185952304,6,6,10.0
185952304,5,5,11.0
185952304,7,7,9.0
185952304,8,8,8.0
185952304,9,9,7.0
185952304,2,2,22.0
185952305,1,1,100.0
185952306,1,27,2.0
185952307,1,27,6.0
185952308,1,54,2.0
185952309,1,27,10.0
185952310,1,6,75.0
185952311,1,5,5.0
185952312,1,27,2.0
185952313,1,27,6.0
185952314,1,5,5.0
185952315,7,8,4.0
185952315,15,18,2.0
185952315,11,14,2.5
185952315,9,10,3.0
185952315,1,1,14.0
185952315,2,2,10.0
185952315,19,22,1.5
185952315,5,6,6.0
185952315,3,4,8.0
185952316,1,1,15000.0
185952317,1,1,100.0
185952318,49,113,0.4
185952318,1,1,25.0
185952318,2,2,15.0
185952318,4,4,5.0
185952318,5,5,4.0
185952318,6,6,3.0
185952318,7,8,2.0
185952318,9,10,1.5
185952318,11,13,1.0
185952318,14,23,0.75
185952318,24,48,0.5
185952318,114,283,0.3
185952318,3,3,8.0
185952318,284,698,0.2
185952319,9,10,1.5
185952319,2,2,15.0
185952319,1,1,25.0
185952319,3,3,8.0
185952319,4,4,5.0
185952319,5,5,4.0
185952319,284,698,0.2
185952319,6,6,3.0
185952319,114,283,0.3
185952319,49,113,0.4
185952319,24,48,0.5
185952319,14,23,0.75
185952319,11,13,1.0
185952319,7,8,2.0
185952320,19,22,1.5
185952320,2,2,10.0
185952320,5,6,6.0
185952320,7,8,4.0
185952320,9,10,3.0
185952320,11,14,2.5
185952320,1,1,14.0
185952320,15,18,2.0
185952320,3,4,8.0
185967092,1,1,2000.0
185967092,2,2,1000.0
185967092,3,3,700.0
185967092,5,5,400.0
185967092,4,4,500.0
185967092,6,7,300.0
185967094,151,700,25.0
185967094,71,150,30.0
185967094,36,70,40.0
185967094,26,35,60.0
185967094,21,25,80.0
185967094,16,20,100.0
185967094,3,3,2000.0
185967094,11,15,150.0
185967094,4,4,1000.0
185967094,9,10,200.0
185967094,5,5,700.0
185967094,7,8,300.0
185967094,6,6,500.0
185967094,1,1,10000.0
185967094,2,2,5000.0
185967147,1,1,2500.0
185967147,29,49,80.0
185967147,16,28,100.0
185967147,74,107,60.0
185967147,11,15,200.0
185967147,6,7,350.0
185967147,5,5,450.0
185967147,4,4,600.0
185967147,8,10,250.0
185967147,2,2,1500.0
185967147,3,3,800.0
185967147,50,73,70.0
185967148,4,4,500.0
185967148,11,15,150.0
185967148,3,3,750.0
185967148,5,5,400.0
185967148,2,2,1000.0
185967148,6,6,300.0
185967148,7,8,250.0
185967148,9,10,200.0
185967148,1,1,2000.0
185967148,29,63,60.0
185967148,16,28,100.0
185967455,1,1,27.0
185967481,2,2,3000.0
185967481,1,1,5000.0
185967482,46,55,50.0
185967482,3,3,1500.0
185967482,4,4,1000.0
185967482,5,5,750.0
185967482,6,7,600.0
185967482,71,85,30.0
185967482,8,10,500.0
185967482,20,22,200.0
185967482,23,25,150.0
185967482,11,13,400.0
185967482,56,70,40.0
185967482,26,30,100.0
185967482,1,1,5000.0
185967482,31,35,75.0
185967482,36,45,60.0
185967482,14,16,300.0
185967482,17,19,250.0
185967482,2,2,2500.0
185967482,1741,3855,6.0
185967482,846,1740,8.0
185967482,376,845,10.0
185967482,196,375,15.0
185967482,121,195,20.0
185967482,86,120,25.0
185967483,15,19,60.0
185967483,2,2,600.0
185967483,3,3,400.0
185967483,4,4,300.0
185967483,5,5,250.0
185967483,6,6,200.0
185967483,926,1680,3.0
185967483,516,925,4.0
185967483,7,8,150.0
185967483,11,14,75.0
185967483,1,1,1000.0
185967483,281,515,5.0
185967483,20,25,50.0
185967483,26,35,40.0
185967483,36,45,30.0
185967483,46,55,25.0
185967483,56,70,20.0
185967483,71,90,15.0
185967483,91,120,10.0
185967483,121,160,8.0
185967483,9,10,100.0
185967483,3221,6420,1.5
185967483,1681,3220,2.0
185967483,161,280,6.0
185967484,6,7,3000.0
185967484,5,5,5000.0
185967484,4,4,10000.0
185967484,3,3,15000.0
185967484,2,2,20000.0
185967484,1,1,50000.0
185967484,10,15,2000.0
185967484,43,62,800.0
185967484,28,42,1000.0
185967484,16,27,1500.0
185967484,63,102,700.0
185967484,8,9,2500.0
185967485,1,1,10000.0
185967485,1401,2900,8.0
185967485,656,1400,10.0
185967485,356,655,12.0
185967485,206,355,15.0
185967485,106,205,20.0
185967485,56,105,25.0
185967485,36,55,30.0
185967485,26,35,40.0
185967485,14,18,70.0
185967485,11,13,100.0
185967485,8,10,150.0
185967485,5,5,500.0
185967485,4,4,1000.0
185967485,3,3,2000.0
185967485,2,2,5000.0
185967485,19,25,50.0
185967485,6,7,250.0
185967486,1,1,13000.0
185967486,3,3,5000.0
185967486,2,2,8000.0
185967487,4,4,500.0
185967487,1,1,2000.0
185967487,28,42,100.0
185967487,20,27,125.0
185967487,15,19,150.0
185967487,11,14,200.0
185967487,8,10,250.0
185967487,6,7,300.0
185967487,5,5,400.0
185967487,3,3,700.0
185967487,2,2,1000.0
185967488,35,43,40.0
185967488,15,19,75.0
185967488,44,53,30.0
185967488,26,34,50.0
185967488,1,1,5000.0
185967488,11,14,100.0
185967488,69,101,20.0
185967488,9,10,150.0
185967488,7,8,200.0
185967488,6,6,250.0
185967488,102,187,15.0
185967488,188,413,12.0
185967488,414,1165,9.0
185967488,5,5,500.0
185967488,4,4,1000.0
185967488,3,3,1500.0
185967488,2,2,3000.0
185967488,54,68,25.0
185967488,20,25,60.0
185967489,3,3,2500.0
185967489,22,32,300.0
185967489,1,1,5000.0
185967489,2,2,3500.0
185967489,4,4,1500.0
185967489,5,5,1000.0
185967489,6,7,800.0
185967489,8,10,600.0
185967489,11,14,500.0
185967489,15,21,400.0
185967490,388,1075,0.25
185967490,188,387,0.5
185967490,88,187,0.75
185967490,43,87,1.0
185967490,8,12,3.0
185967490,6,7,5.0
185967490,5,5,10.0
185967490,4,4,15.0
185967490,3,3,20.0
185967490,2,2,30.0
185967490,1,1,500.0
185967490,13,42,2.0
185967491,426,825,40.0
185967491,126,225,50.0
185967491,76,125,70.0
185967491,56,75,100.0
185967491,41,55,150.0
185967491,31,40,200.0
185967491,26,30,300.0
185967491,21,25,400.0
185967491,16,20,500.0
185967491,3,3,15000.0
185967491,2,2,25000.0
185967491,4,4,10000.0
185967491,11,15,700.0
185967491,5,5,5000.0
185967491,826,1685,35.0
185967491,8,10,1000.0
185967491,7,7,1500.0
185967491,6,6,2500.0
185967491,1,1,100000.0
185967491,1686,3640,30.0
185967491,226,425,45.0
185971238,6,6,400.0
185971238,5,5,600.0
185971238,8,9,200.0
185971238,1,1,10000.0
185971238,7,7,300.0
185971238,3,3,2000.0
185971238,4,4,1000.0
185971238,10,13,100.0
185971238,14,19,70.0
185971238,20,31,50.0
185971238,2,2,4000.0
185971238,57,111,20.0
185971238,112,211,15.0
185971238,32,56,30.0
185971238,212,621,12.0
185971238,622,1911,9.0
185971239,4,4,1500.0
185971239,5,5,1000.0
185971239,6,7,700.0
185971239,8,10,500.0
185971239,16,30,340.0
185971239,1,1,10000.0
185971239,2,2,5000.0
185971239,3,3,2500.0
185971239,11,15,400.0
185971240,20,39,150.0
185971240,289,788,40.0
185971240,90,288,50.0
185971240,40,89,100.0
185971240,12,19,200.0
185971240,2,2,15000.0
185971240,6,7,500.0
185971240,5,5,1000.0
185971240,4,4,2000.0
185971240,3,3,5000.0
185971240,1,1,50000.0
185971240,8,11,300.0
185971240,789,1963,30.0
185972182,1,1,54.0
185972256,1,1,5.4
185972308,1,1,13.5
185972833,2,2,54.0
185972833,3,3,36.0
185972833,4,4,18.0
185972833,1,1,72.0
185972850,1,1,0.0
185972894,1,1,31.5
185972895,1,1,0.0
185972903,1,1,135.0
185972983,1,1,27.0
185972987,1,1,27.0
185973096,1,2,90.0
185973097,1,2,90.0
185973098,1,5,9.0
185973099,1,5,9.0
185973100,1,5,9.0
185973101,1,5,18.0
185973102,1,5,18.0
185973103,1,5,18.0
185973104,1,5,36.0
185973105,1,5,36.0
185973106,1,5,90.0
185973107,1,5,90.0
185973108,1,10,9.0
185973109,1,10,9.0
185973110,1,10,9.0
185973111,1,10,36.0
185973112,1,10,18.0
185973113,1,5,20.0
185973114,1,5,50.0
185973115,1,5,100.0
185973116,1,5,10.0
185973117,1,10,50.0
185973118,1,10,100.0
185973147,1,1,0.0
185973256,1,1,0.0
185973271,1,1,54.0
185973299,1,5,1.8
185973387,3,3,1.5
185973387,2,2,2.5
185973387,1,1,5.0
185973388,2,2,2.5
185973388,1,1,5.0
185973388,3,3,1.5
185973389,3,3,1.5
185973389,2,2,2.5
185973389,1,1,5.0
185973390,1,5,1.8
185973397,1,1,2.7
185973447,1,1,36.0
185973449,1,1,0.0
185973454,1,1,300.0
185973491,1,1,1500.0
185973493,1,1,2.7
185973537,1,1,2.7
185973541,1,1,13.5
185973576,1,1,2.7
185973649,1,3,30.0
185973673,1,1,5.4
185973674,1,1,5.4
185973675,1,1,5.4
185973677,1,1,2.7
185973678,1,1,2.7
185973679,1,1,2.7
185973725,1,1,30000.0
185973726,1,1,15000.0
185973727,1,1,3000.0
185973728,1,1,1500.0
185973729,1,1,450.0
185973730,1,1,300.0
185973731,1,1,300.0
185973732,1,1,135.0
185973733,1,1,54.0
185973734,1,1,54.0
185973735,1,1,54.0
185973736,1,1,27.0
185973737,1,1,27.0
185973738,1,1,27.0
185973739,1,1,13.5
185973740,1,1,13.5
185973741,1,1,13.5
185973742,1,1,13.5
185973743,1,1,13.5
185973744,1,1,13.5
185973745,1,1,27.0
185973746,1,1,27.0
185973747,1,1,27.0
185973748,1,1,54.0
185973749,1,1,54.0
185973750,1,1,54.0
185973751,1,1,1500.0
185973752,1,1,300.0
185973753,1,1,300.0
185973754,1,1,300.0
185973755,1,1,135.0
185973756,1,1,135.0
185973757,1,1,3000.0
185973758,1,1,15000.0
185973759,1,1,15000.0
185973760,1,1,450.0
185973761,1,1,450.0
185973762,1,1,30000.0
185973763,1,1,6000.0
185973764,1,1,6000.0
185973766,1,1,3000.0
185973767,1,1,1500.0
185973768,1,1,450.0
185973769,1,1,300.0
185973770,1,1,300.0
185973771,1,1,135.0
185973772,1,1,54.0
185973773,1,1,54.0
185973774,1,1,54.0
185973775,1,1,27.0
185973776,1,1,27.0
185973777,1,1,27.0
185973778,1,1,13.5
185973779,1,1,13.5
185973780,1,1,13.5
185973781,1,1,30000.0
185973782,1,1,15000.0
185973783,1,1,3000.0
185973784,1,1,1500.0
185973785,1,1,450.0
185973786,1,1,300.0
185973787,1,1,300.0
185973788,1,1,135.0
185973789,1,1,54.0
185973790,1,1,54.0
185973791,1,1,54.0
185973792,1,1,27.0
185973793,1,1,27.0
185973794,1,1,27.0
185973795,1,1,13.5
185973796,1,1,13.5
185973797,1,1,13.5
185973825,1,5,20.0
185974098,1,1,2.7
185974103,1,10,1.8
185974217,1,25,1.8
185974306,1,5,20.0
185974307,1,5,20.0
185974309,1,5,20.0
185974310,1,3,30.0
185974379,2,2,3.0
185974379,1,1,6.0
185974380,1,1,6.0
185974380,2,2,3.0
185974450,1,1,13.5
185974462,2,2,1.5
185974462,1,1,3.0
185974477,1,1,2.7
185974487,1,1,9.45
185974487,2,2,4.05
