contest_id,draft_group_id,fantasy_player_points,is_double_up,is_fifty_fifty,is_guaranteed,is_head_to_head,is_starred,name,payout,sport,starts_at,entry_fee,entry_max,entry_total
141444885,82306,888.0,False,False,True,False,True,NBA $1M MEGA 8's Special [$250K to 1st],1000000.0,NBA,2023-02-16 00:00:00+00:00,888.0,1251,85
141534531,82306,12.0,False,False,True,False,True,NBA $400K Wednesday Shootaround [$100K to 1st],400000.0,NBA,2023-02-16 00:00:00+00:00,12.0,39215,1101
141534527,82306,4.0,False,False,True,False,True,NBA $100K Four Point Play [$15K to 1st],100000.0,NBA,2023-02-16 00:00:00+00:00,4.0,29726,814
141534533,82306,1.0,False,False,True,False,True,NBA $100K Micro mini-MAX Special [150 Entry Max],100000.0,NBA,2023-02-16 00:00:00+00:00,1.0,118906,3937
141535992,82316,15.0,False,False,True,False,True,NBA Showdown $120K Fadeaway [$30K to 1st] (NOP vs LAL),120000.0,NBA,2023-02-16 03:00:00+00:00,15.0,9411,209
141535991,82316,222.0,False,False,True,False,True,NBA Showdown $15K SLAM Jam [$5K to 1st] (NOP vs LAL),15000.0,NBA,2023-02-16 03:00:00+00:00,222.0,75,1
141518347,82306,307.0,False,False,True,False,True,NBA $5M Fantasy Basketball World Championship Qualifier #78,52200.0,NBA,2023-02-16 00:00:00+00:00,307.0,200,18
141518335,82306,100.0,False,False,True,False,True,NBA $40K Showtime [Single Entry],40000.0,NBA,2023-02-16 00:00:00+00:00,100.0,444,13
141518336,82306,100.0,False,False,True,False,True,NBA $15K Showtime [Single Entry],15000.0,NBA,2023-02-16 00:00:00+00:00,100.0,166,2
141534530,82306,88.0,False,False,True,False,True,NBA $100K Box Out [$20K to 1st],100000.0,NBA,2023-02-16 00:00:00+00:00,88.0,1291,58
141535983,82314,15.0,False,False,True,False,True,NBA $100K Fadeaway [$25K to 1st] (Night),100000.0,NBA,2023-02-16 02:00:00+00:00,15.0,7843,43
141535984,82314,222.0,False,False,True,False,True,NBA $20K Slam Jam [3 Entry Max] (Night),20000.0,NBA,2023-02-16 02:00:00+00:00,222.0,100,0
141518414,82314,1.0,False,False,True,False,True,NBA $12.5K And-One [20 Entry Max] (Night),12500.0,NBA,2023-02-16 02:00:00+00:00,1.0,14863,352
141518412,82314,5.0,False,False,True,False,True,NBA $7.5K High Five [Single Entry] (Night),7500.0,NBA,2023-02-16 02:00:00+00:00,5.0,1783,25
141518413,82314,33.0,False,False,True,False,True,NBA $7K Triple Threat (Night),7000.0,NBA,2023-02-16 02:00:00+00:00,33.0,247,8
141534529,82306,200.0,False,False,True,False,True,NBA $50K Splash [3 Entry Max],50000.0,NBA,2023-02-16 00:00:00+00:00,200.0,277,5
141518337,82306,40.0,False,False,True,False,True,NBA $30K Mid Range Jumper [Single Entry],30000.0,NBA,2023-02-16 00:00:00+00:00,40.0,874,17
141518338,82306,40.0,False,False,True,False,True,NBA $15K Mid Range Jumper [Single Entry],15000.0,NBA,2023-02-16 00:00:00+00:00,40.0,437,5
141518321,82306,5.0,True,False,True,False,True,NBA Single Entry $5 Double Up,6000.0,NBA,2023-02-16 00:00:00+00:00,5.0,1379,28
141518318,82306,25.0,True,False,True,False,True,NBA Single Entry $25 Double Up,10000.0,NBA,2023-02-16 00:00:00+00:00,25.0,459,18
141518322,82306,5.0,True,False,True,False,True,NBA $5 Double Up,4000.0,NBA,2023-02-16 00:00:00+00:00,5.0,919,84
141518323,82306,5.0,True,False,True,False,True,NBA $5 Double Up,3000.0,NBA,2023-02-16 00:00:00+00:00,5.0,689,63
141518355,82308,5.0,False,False,True,False,True,NBA Tiers $25K Zone [$5K to 1st],25000.0,NBA,2023-02-16 00:00:00+00:00,5.0,5945,203
141518357,82308,1.0,False,False,True,False,True,NBA Tiers $7.5K And-One,7500.0,NBA,2023-02-16 00:00:00+00:00,1.0,8917,533
141518358,82308,5.0,False,False,True,False,True,NBA Tiers $2K High Five [Single Entry] ,2000.0,NBA,2023-02-16 00:00:00+00:00,5.0,475,22
141518350,82308,150.0,False,False,True,False,True,NBA Tiers $2.2K Posterizer [Single Entry],2200.0,NBA,2023-02-16 00:00:00+00:00,150.0,16,1
141518354,82308,50.0,False,False,True,False,True,NBA Tiers $1.5K Ankle Breaker [Single Entry],1500.0,NBA,2023-02-16 00:00:00+00:00,50.0,34,2
141518363,82423,10.0,False,False,True,False,True,NBA Showdown $15K Pull Up Jumper [$5K to 1st] (CHI vs IND),15000.0,NBA,2023-02-16 00:00:00+00:00,10.0,1764,27
141518366,82423,150.0,False,False,True,False,True,NBA Showdown $3K Posterizer [Single Entry] (CHI vs IND),3000.0,NBA,2023-02-16 00:00:00+00:00,150.0,22,0
141518362,82423,5.0,False,False,True,False,True,NBA Showdown $1.5K High Five [Single Entry] (CHI vs IND),1500.0,NBA,2023-02-16 00:00:00+00:00,5.0,356,9
141518364,82423,1.0,False,False,True,False,True,NBA Showdown $3K And-One [20 Entry Max] (CHI vs IND),3000.0,NBA,2023-02-16 00:00:00+00:00,1.0,3567,234
141518360,82423,50.0,False,False,True,False,True,NBA Showdown $1K Ankle Breaker [Single Entry] (CHI vs IND),1000.0,NBA,2023-02-16 00:00:00+00:00,50.0,22,2
141518376,82310,10.0,False,False,True,False,True,NBA $15K Pull Up Jumper [$5K to 1st] (Turbo),15000.0,NBA,2023-02-16 00:30:00+00:00,10.0,1764,58
141518374,82310,5.0,False,False,True,False,True,NBA $3K High Five [Single Entry] (Turbo),3000.0,NBA,2023-02-16 00:30:00+00:00,5.0,713,17
141518379,82310,1.0,False,False,True,False,True,NBA $4K And-One (Turbo),4000.0,NBA,2023-02-16 00:30:00+00:00,1.0,4756,183
141518378,82310,150.0,False,False,True,False,True,NBA $3K Posterizer [Single Entry] (Turbo),3000.0,NBA,2023-02-16 00:30:00+00:00,150.0,22,0
141518375,82310,300.0,False,False,True,False,True,NBA $1.35K 3-Ball [Single Entry] (Turbo),1350.0,NBA,2023-02-16 00:30:00+00:00,300.0,5,0
141518384,82309,10.0,False,False,True,False,True,NBA Showdown $15K Pull Up Jumper [$5K to 1st] (CLE vs PHI),15000.0,NBA,2023-02-16 00:30:00+00:00,10.0,1764,36
141518383,82309,5.0,False,False,True,False,True,NBA Showdown $1.5K High Five [Single Entry] (CLE vs PHI),1500.0,NBA,2023-02-16 00:30:00+00:00,5.0,356,19
141518381,82309,150.0,False,False,True,False,True,NBA Showdown $2.2K Posterizer [Single Entry] (CLE vs PHI),2200.0,NBA,2023-02-16 00:30:00+00:00,150.0,16,0
141518385,82309,1.0,False,False,True,False,True,NBA Showdown $3K And-One [20 Entry Max] (CLE vs PHI),3000.0,NBA,2023-02-16 00:30:00+00:00,1.0,3567,235
141518387,82309,3.0,False,False,True,False,True,NBA Showdown $750 Sharpshooter (CLE vs PHI),750.0,NBA,2023-02-16 00:30:00+00:00,3.0,297,16
141518428,82316,1.0,False,False,True,False,True,NBA Showdown $12.5K And-One [20 Entry Max] (NOP vs LAL),12500.0,NBA,2023-02-16 03:00:00+00:00,1.0,14863,452
141518433,82316,0.0,False,False,True,False,True,NBA Showdown $10K mini-MAX [150 Entry Max] (NOP vs LAL),10000.0,NBA,2023-02-16 03:00:00+00:00,0.5,23781,1639
141535990,82316,1060.0,False,False,True,False,True,NBA Showdown $8K All-Star [Single Entry] (NOP vs LAL),8000.0,NBA,2023-02-16 03:00:00+00:00,1060.0,8,0
141518425,82316,5.0,False,False,True,False,True,NBA Showdown $5K High Five [Single Entry] (NOP vs LAL),5000.0,NBA,2023-02-16 03:00:00+00:00,5.0,1189,34
141518431,82316,3.0,False,False,True,False,True,NBA Showdown $6K Sharpshooter [20 Entry Max] (NOP vs LAL),6000.0,NBA,2023-02-16 03:00:00+00:00,3.0,2378,70
141518389,82312,10.0,False,False,True,False,True,NBA $10K Pull Up Jumper [$2K to 1st] (Turbo),10000.0,NBA,2023-02-16 01:00:00+00:00,10.0,1176,55
141518394,82312,5.0,False,False,True,False,True,NBA $1.5K High Five [Single Entry] (Turbo),1500.0,NBA,2023-02-16 01:00:00+00:00,5.0,356,14
141518395,82312,1.0,False,False,True,False,True,NBA $3K And-One [20 Entry Max] (Turbo),3000.0,NBA,2023-02-16 01:00:00+00:00,1.0,3567,146
141518391,82312,150.0,False,False,True,False,True,NBA $1.9K Posterizer [Single Entry] (Turbo),1900.0,NBA,2023-02-16 01:00:00+00:00,150.0,14,0
141518397,82312,3.0,False,False,True,False,True,NBA $750 Sharpshooter (Turbo),750.0,NBA,2023-02-16 01:00:00+00:00,3.0,297,9
141518398,82313,10.0,False,False,True,False,True,NBA Showdown $10K Pull Up Jumper [$2K to 1st] (UTA vs MEM),10000.0,NBA,2023-02-16 01:00:00+00:00,10.0,1176,23
141518403,82313,5.0,False,False,True,False,True,NBA Showdown $1.5K High Five [Single Entry] (UTA vs MEM),1500.0,NBA,2023-02-16 01:00:00+00:00,5.0,356,16
141518404,82313,1.0,False,False,True,False,True,NBA Showdown $3K And-One [20 Entry Max] (UTA vs MEM),3000.0,NBA,2023-02-16 01:00:00+00:00,1.0,3567,220
141518400,82313,150.0,False,False,True,False,True,NBA Showdown $1.9K Posterizer [Single Entry] (UTA vs MEM),1900.0,NBA,2023-02-16 01:00:00+00:00,150.0,14,0
141518406,82313,3.0,False,False,True,False,True,NBA Showdown $750 Sharpshooter (UTA vs MEM),750.0,NBA,2023-02-16 01:00:00+00:00,3.0,297,7
141518345,82306,25.0,True,False,True,False,True,NBA $25 Double Up,6000.0,NBA,2023-02-16 00:00:00+00:00,25.0,275,24
141518319,82306,25.0,True,False,True,False,True,NBA $25 Double Up,4000.0,NBA,2023-02-16 00:00:00+00:00,25.0,183,16
141518327,82306,10.0,True,False,True,False,True,NBA Single Entry $10 Double Up,4000.0,NBA,2023-02-16 00:00:00+00:00,10.0,459,18
141534532,82306,2120.0,False,False,True,False,True,NBA $36K Hall of Famer [$15K to 1st],36000.0,NBA,2023-02-16 00:00:00+00:00,2120.0,18,2
141520922,82306,638.0,False,False,True,False,True,NBA Satellite to $5750 FBWC Qualifier,5750.0,NBA,2023-02-16 00:00:00+00:00,638.0,10,1
141520873,82306,368.0,False,False,True,False,True,"NBA Satellite to $3,650 FBWC MEGAQual",3650.0,NBA,2023-02-16 00:00:00+00:00,368.0,11,1
141520917,82306,29.0,False,False,True,False,True,NBA Satellite to NBA MEGA Millionaire,2500.0,NBA,2023-02-16 00:00:00+00:00,29.0,100,2
141534534,82306,8.0,False,False,True,False,True,NBA $30K Excellent 8's [$10K to 1st],30000.0,NBA,2023-02-16 00:00:00+00:00,8.0,4411,323
141534535,82306,6.0,False,False,True,False,True,NBA $26K Jab Step [$5K to 1st],26000.0,NBA,2023-02-16 00:00:00+00:00,6.0,5098,357
141518339,82306,12.0,False,False,True,False,True,NBA $20K Pick and Roll [Single Entry],20000.0,NBA,2023-02-16 00:00:00+00:00,12.0,1960,49
141518316,82306,12.0,False,False,True,False,True,NBA $10K Pick and Roll [Single Entry],10000.0,NBA,2023-02-16 00:00:00+00:00,12.0,980,25
141534526,82306,5.0,False,False,True,False,True,NBA $25K Zone [$5K to 1st],25000.0,NBA,2023-02-16 00:00:00+00:00,5.0,5945,379
141518332,82306,0.0,False,False,True,False,True,NBA $15K mini-MAX [150 Entry Max],15000.0,NBA,2023-02-16 00:00:00+00:00,0.5,35671,1824
141518340,82306,5.0,False,False,True,False,True,NBA $15K High Five [Single Entry],15000.0,NBA,2023-02-16 00:00:00+00:00,5.0,3567,96
141518325,82306,5.0,False,False,True,False,True,NBA $5K High Five [Single Entry],5000.0,NBA,2023-02-16 00:00:00+00:00,5.0,1189,31
141534528,82306,5300.0,False,False,False,False,True,NBA $30K Thunderdome [Must Fill],30000.0,NBA,2023-02-16 00:00:00+00:00,5300.0,6,1
141518348,82306,2.0,False,False,True,False,True,NBA $10K Micro Single Entry Special,10000.0,NBA,2023-02-16 00:00:00+00:00,2.0,5945,419
141518334,82306,333.0,False,False,True,False,True,NBA $10K Money Ball [Single Entry],10000.0,NBA,2023-02-16 00:00:00+00:00,333.0,33,2
141534525,82306,1060.0,False,False,True,False,True,NBA $12K All-Star [Single Entry],12000.0,NBA,2023-02-16 00:00:00+00:00,1060.0,12,1
141518328,82306,75.0,False,False,True,False,True,NBA $10K Pick and Pop [3 Entry Max],10000.0,NBA,2023-02-16 00:00:00+00:00,75.0,151,4
141518324,82306,27.0,False,False,True,False,True,NBA $8K Fast Break [Single Entry],8000.0,NBA,2023-02-16 00:00:00+00:00,27.0,345,10
141518329,82306,20.0,False,False,True,False,True,NBA $8K Buzzer Beater [3 Entry Max],8000.0,NBA,2023-02-16 00:00:00+00:00,20.0,470,11
141518330,82306,3.0,False,False,True,False,True,NBA $7.5K Hot Shot [3 Entry Max],7500.0,NBA,2023-02-16 00:00:00+00:00,3.0,2972,82
141518333,82306,400.0,False,False,True,False,True,NBA $8K Swish [Single Entry],8000.0,NBA,2023-02-16 00:00:00+00:00,400.0,22,1
141518331,82306,0.0,False,False,True,False,True,NBA $7.5K Quarter Jukebox [Just $0.25!],7500.0,NBA,2023-02-16 00:00:00+00:00,0.25,35671,1601
141518421,82315,5.0,False,False,True,False,True,NBA Tiers $8K Zone [$2K to 1st] (Night Tiers),8000.0,NBA,2023-02-16 02:00:00+00:00,5.0,1902,49
141518422,82315,1.0,False,False,True,False,True,NBA Tiers $2.5K And-One (Night Tiers),2500.0,NBA,2023-02-16 02:00:00+00:00,1.0,2972,107
141518417,82315,12.0,False,False,True,False,True,NBA Tiers $500 Pick and Roll [Single Entry] (Night Tiers),500.0,NBA,2023-02-16 02:00:00+00:00,12.0,49,3
141518418,82315,3.0,False,False,True,False,True,NBA Tiers $500 Sharpshooter (Night Tiers),500.0,NBA,2023-02-16 02:00:00+00:00,3.0,198,5
141518416,82315,0.0,False,False,True,False,True,NBA Tiers $1K Quarter Jukebox [Just $0.25!]  (Night Tiers),1000.0,NBA,2023-02-16 02:00:00+00:00,0.25,4756,271
141518349,82306,0.0,False,False,True,False,True,NBA $0.25 Micro Winner Take All [5K to 1st!],5000.0,NBA,2023-02-16 00:00:00+00:00,0.25,23781,2365
141518341,82306,1.0,False,False,True,False,True,NBA $4K Daily Dollar [Single Entry] ,4000.0,NBA,2023-02-16 00:00:00+00:00,1.0,4756,187
141518315,82306,50.0,False,False,True,False,True,NBA $3K Ankle Breaker [2 Entry Max],3000.0,NBA,2023-02-16 00:00:00+00:00,50.0,68,4
141518930,82306,1060.0,False,False,False,False,True,NBA $4K All Star [Single Entry] (Must Fill),4000.0,NBA,2023-02-16 00:00:00+00:00,1060.0,4,1
141518342,82306,250.0,True,False,True,False,True,NBA $250 Double Up,4000.0,NBA,2023-02-16 00:00:00+00:00,250.0,17,4
141518343,82306,100.0,True,False,True,False,True,NBA Single Entry $100 Double Up,5000.0,NBA,2023-02-16 00:00:00+00:00,100.0,55,5
141518326,82306,50.0,True,False,True,False,True,NBA Single Entry $50 Double Up,4000.0,NBA,2023-02-16 00:00:00+00:00,50.0,90,8
141518346,82306,2.0,True,False,True,False,True,NBA $2 Double Up,4000.0,NBA,2023-02-16 00:00:00+00:00,2.0,2298,80
141518344,82306,100.0,True,False,True,False,True,NBA $100 Double Up,5000.0,NBA,2023-02-16 00:00:00+00:00,100.0,55,4
141535982,82314,1060.0,False,False,True,False,True,NBA $8K All-Star [Single Entry] (Night),8000.0,NBA,2023-02-16 02:00:00+00:00,1060.0,8,0
141518410,82314,4.0,False,False,True,False,True,NBA $6K Four Point Play [20 Entry Max] (Night),6000.0,NBA,2023-02-16 02:00:00+00:00,4.0,1783,31
141518408,82314,100.0,False,False,True,False,True,NBA $5K Showtime [Single Entry] (Night),5000.0,NBA,2023-02-16 02:00:00+00:00,100.0,55,2
141518411,82314,12.0,False,False,True,False,True,NBA $3K Pick and Roll [Single Entry] (Night),3000.0,NBA,2023-02-16 02:00:00+00:00,12.0,294,5
141518407,82314,300.0,False,False,True,False,True,NBA $3K 3-Ball [Single Entry] (Night),3000.0,NBA,2023-02-16 02:00:00+00:00,300.0,11,0
141518317,82306,50.0,True,False,True,False,True,NBA $50 Double Up,3000.0,NBA,2023-02-16 00:00:00+00:00,50.0,68,6
141518320,82306,10.0,True,False,True,False,True,NBA $10 Double Up,3000.0,NBA,2023-02-16 00:00:00+00:00,10.0,344,34
141520918,82306,42.0,False,False,True,False,True,NBA Satellite to NBA MEGA Millionaire,2500.0,NBA,2023-02-16 00:00:00+00:00,42.0,69,2
141520919,82306,111.0,False,False,True,False,True,NBA Satellite to NBA MEGA Millionaire,2500.0,NBA,2023-02-16 00:00:00+00:00,111.0,25,1
141520920,82306,250.0,False,False,True,False,True,NBA Satellite to NBA MEGA Millionaire,2500.0,NBA,2023-02-16 00:00:00+00:00,250.0,11,1
141520921,82306,555.0,False,False,True,False,True,NBA Satellite to NBA MEGA Millionaire,2500.0,NBA,2023-02-16 00:00:00+00:00,555.0,5,1
141520871,82306,47.0,False,False,True,False,True,NBA Satellite to $895 FBWC Qualifier,895.0,NBA,2023-02-16 00:00:00+00:00,47.0,22,1
141520872,82306,92.0,False,False,True,False,True,NBA Satellite to $895 FBWC Qualifier,895.0,NBA,2023-02-16 00:00:00+00:00,92.0,11,1
141518938,82306,940.0,False,False,False,False,False,LAST SHOT: NBA Fantasy Golf MEGA Millionaire Satellite (2-16) [Must Fill],4444.0,NBA,2023-02-16 00:00:00+00:00,940.0,5,1
141518424,82316,100.0,False,False,True,False,True,NBA Showdown $5K Showtime [Single Entry] (NOP vs LAL),5000.0,NBA,2023-02-16 03:00:00+00:00,100.0,55,0
141518429,82316,300.0,False,False,True,False,True,NBA Showdown $3.8K 3-Ball [Single Entry] (NOP vs LAL),3800.0,NBA,2023-02-16 03:00:00+00:00,300.0,14,0
141518430,82316,33.0,False,False,True,False,True,NBA Showdown $4K Triple Threat [$1K to 1st] (NOP vs LAL),4000.0,NBA,2023-02-16 03:00:00+00:00,33.0,141,5
141520131,82316,940.0,False,False,False,False,False,LAST SHOT: NBA Showdown Fantasy Golf MEGA Millionaire Satellite (2-16) [Must Fill] (NOP vs LAL),4444.0,NBA,2023-02-16 03:00:00+00:00,940.0,5,0
141520125,82316,181.0,False,False,False,False,True,NBA Showdown Satellite to NAS 2023 Screaming Eagle [Must Fill] (NOP vs LAL),500.0,NBA,2023-02-16 03:00:00+00:00,181.0,3,0
141518352,82308,0.0,False,False,True,False,True,NBA Tiers $2K Quarter Jukebox [Just $0.25!],2000.0,NBA,2023-02-16 00:00:00+00:00,0.25,9512,750
141518356,82308,3.0,False,False,True,False,True,NBA Tiers $1K Sharpshooter,1000.0,NBA,2023-02-16 00:00:00+00:00,3.0,396,15
141518353,82308,12.0,False,False,True,False,True,NBA Tiers $750 Pick and Roll [Single Entry],750.0,NBA,2023-02-16 00:00:00+00:00,12.0,73,4
141518351,82308,27.0,False,False,True,False,True,NBA Tiers $500 Fast Break,500.0,NBA,2023-02-16 00:00:00+00:00,27.0,21,1
141519206,82308,940.0,False,False,False,False,False,LAST SHOT: NBA Tiers Fantasy Golf MEGA Millionaire Satellite (2-16) [Must Fill],4444.0,NBA,2023-02-16 00:00:00+00:00,940.0,5,0
141518438,82318,10.0,False,False,True,False,True,NBA In-Game $4K Pull Up Jumper [$1K to 1st] (2H NOP vs LAL),4000.0,NBA,2023-02-16 04:00:00+00:00,10.0,470,2
141518437,82318,300.0,False,False,True,False,True,NBA In-Game $1.35K 3-Ball [Single Entry] (2H NOP vs LAL),1350.0,NBA,2023-02-16 04:00:00+00:00,300.0,5,0
141518435,82318,100.0,False,False,True,False,True,"NBA In-Game $720 Showtime [Single Entry, Top 2 Win] (2H NOP vs LAL)",720.0,NBA,2023-02-16 04:00:00+00:00,100.0,8,0
141518434,82318,3.0,False,False,True,False,True,NBA In-Game $200 Sharpshooter [2 Entry Max] (2H NOP vs LAL),200.0,NBA,2023-02-16 04:00:00+00:00,3.0,79,0
141518678,82318,1060.0,False,False,False,False,True,NBA In-Game $4K All Star [Single Entry] (Must Fill) (2H NOP vs LAL),4000.0,NBA,2023-02-16 04:00:00+00:00,1060.0,4,0
141520328,82316,48.0,False,False,True,False,True,NBA Showdown Satellite to TEN $250 Desert Smash (IW) (NOP vs LAL),250.0,NBA,2023-02-16 03:00:00+00:00,48.0,6,0
141518432,82316,12.0,False,False,True,False,True,NBA Showdown $2K Pick and Roll [Single Entry] (NOP vs LAL),2000.0,NBA,2023-02-16 03:00:00+00:00,12.0,196,7
141518426,82316,50.0,False,False,True,False,True,NBA Showdown $2K Ankle Breaker [Single Entry] (NOP vs LAL),2000.0,NBA,2023-02-16 03:00:00+00:00,50.0,45,2
141518427,82316,0.0,False,False,True,False,True,NBA Showdown $3K Quarter Jukebox [Just $0.25!] (NOP vs LAL),3000.0,NBA,2023-02-16 03:00:00+00:00,0.25,14268,503
141520123,82316,1060.0,False,False,False,False,True,NBA Showdown $4K All Star [Single Entry] (Must Fill) (NOP vs LAL),4000.0,NBA,2023-02-16 03:00:00+00:00,1060.0,4,0
141518377,82310,3.0,False,False,True,False,True,NBA $1K Sharpshooter (Turbo),1000.0,NBA,2023-02-16 00:30:00+00:00,3.0,396,13
141518371,82310,12.0,False,False,True,False,True,NBA $500 Pick and Roll [Single Entry] (Turbo),500.0,NBA,2023-02-16 00:30:00+00:00,12.0,49,2
141518373,82310,33.0,False,False,True,False,True,NBA $1K Triple Threat (Turbo),1000.0,NBA,2023-02-16 00:30:00+00:00,33.0,35,1
141518372,82310,50.0,False,False,True,False,True,NBA $750 Ankle Breaker [Single Entry] (Turbo),750.0,NBA,2023-02-16 00:30:00+00:00,50.0,17,1
141518370,82310,0.0,False,False,True,False,True,NBA $1K Quarter Jukebox [Just $0.25!]  (Turbo),1000.0,NBA,2023-02-16 00:30:00+00:00,0.25,4756,307
141518368,82423,3.0,False,False,True,False,True,NBA Showdown $750 Sharpshooter (CHI vs IND),750.0,NBA,2023-02-16 00:00:00+00:00,3.0,297,4
141518367,82423,33.0,False,False,True,False,True,NBA Showdown $750 Triple Threat [Single Entry] (CHI vs IND),750.0,NBA,2023-02-16 00:00:00+00:00,33.0,26,1
141518359,82423,0.0,False,False,True,False,True,NBA Showdown $1K Quarter Jukebox [Just $0.25!]  (CHI vs IND),1000.0,NBA,2023-02-16 00:00:00+00:00,0.25,4756,400
141518361,82423,100.0,False,False,True,False,True,"NBA Showdown $720 Showtime [Single Entry, Top 2 Win] (CHI vs IND)",720.0,NBA,2023-02-16 00:00:00+00:00,100.0,8,0
141519074,82423,940.0,False,False,False,False,False,LAST SHOT: NBA Showdown Fantasy Golf MEGA Millionaire Satellite (2-16) [Must Fill] (CHI vs IND),4444.0,NBA,2023-02-16 00:00:00+00:00,940.0,5,0
141518386,82309,33.0,False,False,True,False,True,NBA Showdown $750 Triple Threat [Single Entry] (CLE vs PHI),750.0,NBA,2023-02-16 00:30:00+00:00,33.0,26,1
141518382,82309,50.0,False,False,True,False,True,NBA Showdown $500 Ankle Breaker [Single Entry] (CLE vs PHI),500.0,NBA,2023-02-16 00:30:00+00:00,50.0,11,1
141518380,82309,0.0,False,False,True,False,True,NBA Showdown $1K Quarter Jukebox [Just $0.25!]  (CLE vs PHI),1000.0,NBA,2023-02-16 00:30:00+00:00,0.25,4756,385
141519338,82309,940.0,False,False,False,False,False,LAST SHOT: NBA Showdown Fantasy Golf MEGA Millionaire Satellite (2-16) [Must Fill] (CLE vs PHI),4444.0,NBA,2023-02-16 00:30:00+00:00,940.0,5,0
141519330,82309,1060.0,False,False,False,False,True,NBA Showdown $4K All Star [Single Entry] (Must Fill) (CLE vs PHI),4000.0,NBA,2023-02-16 00:30:00+00:00,1060.0,4,0
141518405,82313,33.0,False,False,True,False,True,NBA Showdown $750 Triple Threat [Single Entry] (UTA vs MEM),750.0,NBA,2023-02-16 01:00:00+00:00,33.0,26,1
141518399,82313,0.0,False,False,True,False,True,NBA Showdown $1K Quarter Jukebox [Just $0.25!]  (UTA vs MEM),1000.0,NBA,2023-02-16 01:00:00+00:00,0.25,4756,334
141518402,82313,50.0,False,False,True,False,True,NBA Showdown $500 Ankle Breaker [Single Entry] (UTA vs MEM),500.0,NBA,2023-02-16 01:00:00+00:00,50.0,11,1
141519734,82313,940.0,False,False,False,False,False,LAST SHOT: NBA Showdown Fantasy Golf MEGA Millionaire Satellite (2-16) [Must Fill] (UTA vs MEM),4444.0,NBA,2023-02-16 01:00:00+00:00,940.0,5,0
141519726,82313,1060.0,False,False,False,False,True,NBA Showdown $4K All Star [Single Entry] (Must Fill) (UTA vs MEM),4000.0,NBA,2023-02-16 01:00:00+00:00,1060.0,4,0
141518396,82312,33.0,False,False,True,False,True,NBA $750 Triple Threat [Single Entry] (Turbo),750.0,NBA,2023-02-16 01:00:00+00:00,33.0,26,1
141518393,82312,50.0,False,False,True,False,True,NBA $500 Ankle Breaker [Single Entry] (Turbo),500.0,NBA,2023-02-16 01:00:00+00:00,50.0,11,1
141518390,82312,0.0,False,False,True,False,True,NBA $1K Quarter Jukebox [Just $0.25!]  (Turbo),1000.0,NBA,2023-02-16 01:00:00+00:00,0.25,4756,246
141519602,82312,940.0,False,False,False,False,False,LAST SHOT: NBA Fantasy Golf MEGA Millionaire Satellite (2-16) [Must Fill] (Turbo),4444.0,NBA,2023-02-16 01:00:00+00:00,940.0,5,0
141519594,82312,1060.0,False,False,False,False,True,NBA $4K All Star [Single Entry] (Must Fill) (Turbo),4000.0,NBA,2023-02-16 01:00:00+00:00,1060.0,4,0
141518419,82315,50.0,False,False,True,False,True,NBA Tiers $500 Ankle Breaker [Single Entry] (Night Tiers),500.0,NBA,2023-02-16 02:00:00+00:00,50.0,11,1
141518423,82315,100.0,False,False,True,False,True,"NBA Tiers $540 Showtime [Single Entry, Top 2 Win] (Night Tiers)",540.0,NBA,2023-02-16 02:00:00+00:00,100.0,6,0
141519998,82315,940.0,False,False,False,False,False,LAST SHOT: NBA Tiers Fantasy Golf MEGA Millionaire Satellite (2-16) [Must Fill] (Night Tiers),4444.0,NBA,2023-02-16 02:00:00+00:00,940.0,5,0
141519990,82315,1060.0,False,False,False,False,True,NBA Tiers $4K All Star [Single Entry] (Must Fill) (Night Tiers),4000.0,NBA,2023-02-16 02:00:00+00:00,1060.0,4,0
141519993,82315,408.0,False,False,False,False,True,"NBA Tiers $408 Winner Take All [$1.5K to 1st, Must Fill] (Night Tiers)",1500.0,NBA,2023-02-16 02:00:00+00:00,408.0,4,0
141519470,82310,940.0,False,False,False,False,False,LAST SHOT: NBA Fantasy Golf MEGA Millionaire Satellite (2-16) [Must Fill] (Turbo),4444.0,NBA,2023-02-16 00:30:00+00:00,940.0,5,0
141519464,82310,181.0,False,False,False,False,True,NBA Satellite to NAS 2023 Screaming Eagle [Must Fill] (Turbo),500.0,NBA,2023-02-16 00:30:00+00:00,181.0,3,0
141519468,82310,5.0,False,False,False,False,True,NBA Satellite to NBA $15 Return From Break Special (2-23) [Must Fill] (Turbo),18.0,NBA,2023-02-16 00:30:00+00:00,5.0,4,0
141519469,82310,5.0,False,False,False,False,True,NBA Satellite to NBA $15 Return From Break Special (2-23) [Must Fill] (Turbo),18.0,NBA,2023-02-16 00:30:00+00:00,5.0,4,0
141519467,82310,5.0,False,False,False,False,True,NBA Satellite to NBA $15 Return From Break Special (2-23) [Must Fill] (Turbo),18.0,NBA,2023-02-16 00:30:00+00:00,5.0,4,0
141519462,82310,1060.0,False,False,False,False,True,NBA $4K All Star [Single Entry] (Must Fill) (Turbo),4000.0,NBA,2023-02-16 00:30:00+00:00,1060.0,4,0
141519465,82310,408.0,False,False,False,False,True,"NBA $408 Winner Take All [$1.5K to 1st, Must Fill] (Turbo)",1500.0,NBA,2023-02-16 00:30:00+00:00,408.0,4,0
141519866,82314,940.0,False,False,False,False,False,LAST SHOT: NBA Fantasy Golf MEGA Millionaire Satellite (2-16) [Must Fill] (Night),4444.0,NBA,2023-02-16 02:00:00+00:00,940.0,5,0
141519860,82314,181.0,False,False,False,False,True,NBA Satellite to NAS 2023 Screaming Eagle [Must Fill] (Night),500.0,NBA,2023-02-16 02:00:00+00:00,181.0,3,0
141520249,82314,48.0,False,False,True,False,True,NBA Satellite to TEN $250 Desert Smash (IW) (Night),250.0,NBA,2023-02-16 02:00:00+00:00,48.0,6,0
141518409,82314,50.0,False,False,True,False,True,NBA $2K Ankle Breaker [Single Entry] (Night),2000.0,NBA,2023-02-16 02:00:00+00:00,50.0,45,2
141518415,82314,0.0,False,False,True,False,True,NBA $2.5K Quarter Jukebox [Just $0.25!] (Night),2500.0,NBA,2023-02-16 02:00:00+00:00,0.25,11890,352
141519858,82314,1060.0,False,False,False,False,True,NBA $4K All Star [Single Entry] (Must Fill) (Night),4000.0,NBA,2023-02-16 02:00:00+00:00,1060.0,4,0
141519861,82314,408.0,False,False,False,False,True,"NBA $408 Winner Take All [$1.5K to 1st, Must Fill] (Night)",1500.0,NBA,2023-02-16 02:00:00+00:00,408.0,4,0
141519859,82314,267.0,False,False,False,False,True,NBA $267 Winner Take All [$1K to 1st] (Must Fill) (Night),1000.0,NBA,2023-02-16 02:00:00+00:00,267.0,4,0
141520250,82314,48.0,False,False,True,False,True,NBA Satellite to TEN $250 South Beach Smash (Miami) (Night),250.0,NBA,2023-02-16 02:00:00+00:00,48.0,6,0
141520253,82314,0.0,False,False,True,False,True,NBA Satellite to TEN $20 Sunset Special (Miami) (Night),20.0,NBA,2023-02-16 02:00:00+00:00,0.1,237,15
141518933,82306,181.0,False,False,False,False,True,NBA Satellite to NAS 2023 Screaming Eagle [Must Fill],500.0,NBA,2023-02-16 00:00:00+00:00,181.0,3,0
141520866,82306,4.0,False,False,True,False,True,NBA Satellite to $140 FBWC Qualifier,140.0,NBA,2023-02-16 00:00:00+00:00,4.0,41,5
141520867,82306,16.0,False,False,True,False,True,NBA Satellite to $140 FBWC Qualifier,140.0,NBA,2023-02-16 00:00:00+00:00,16.0,10,1
141518931,82306,267.0,False,False,False,False,True,NBA $267 Winner Take All [$1K to 1st] (Must Fill),1000.0,NBA,2023-02-16 00:00:00+00:00,267.0,4,2
141518932,82306,100.0,False,False,False,False,True,NBA $100 Winner Take All [$460 to 1st] (Must Fill),460.0,NBA,2023-02-16 00:00:00+00:00,100.0,5,1
141519200,82308,181.0,False,False,False,False,True,NBA Tiers Satellite to NAS 2023 Screaming Eagle [Must Fill],500.0,NBA,2023-02-16 00:00:00+00:00,181.0,3,0
141519204,82308,5.0,False,False,False,False,True,NBA Tiers Satellite to NBA $15 Return From Break Special (2-23) [Must Fill],18.0,NBA,2023-02-16 00:00:00+00:00,5.0,4,1
141519205,82308,5.0,False,False,False,False,True,NBA Tiers Satellite to NBA $15 Return From Break Special (2-23) [Must Fill],18.0,NBA,2023-02-16 00:00:00+00:00,5.0,4,0
141519203,82308,5.0,False,False,False,False,True,NBA Tiers Satellite to NBA $15 Return From Break Special (2-23) [Must Fill],18.0,NBA,2023-02-16 00:00:00+00:00,5.0,4,0
141519201,82308,408.0,False,False,False,False,True,"NBA Tiers $408 Winner Take All [$1.5K to 1st, Must Fill]",1500.0,NBA,2023-02-16 00:00:00+00:00,408.0,4,0
141519198,82308,1060.0,False,False,False,False,True,NBA Tiers $4K All Star [Single Entry] (Must Fill),4000.0,NBA,2023-02-16 00:00:00+00:00,1060.0,4,0
141518737,82319,1060.0,False,False,False,False,True,NBA In-Game $4K All Star [Single Entry] (Must Fill) (4Q NOP vs LAL),4000.0,NBA,2023-02-16 04:20:00+00:00,1060.0,4,0
141518738,82319,267.0,False,False,False,False,True,NBA In-Game $267 Winner Take All [$1K to 1st] (Must Fill) (4Q NOP vs LAL),1000.0,NBA,2023-02-16 04:20:00+00:00,267.0,4,0
141518447,82319,10.0,False,False,True,False,True,NBA In-Game $200 Pull Up Jumper [$100 to 1st] (4Q NOP vs LAL),200.0,NBA,2023-02-16 04:20:00+00:00,10.0,23,0
141520142,82319,25.0,False,False,True,False,True,NBA In-Game $25 Winner Take All [$110 to 1st] (4Q NOP vs LAL),110.0,NBA,2023-02-16 04:20:00+00:00,25.0,5,0
141518446,82319,5.0,False,False,True,False,True,NBA In-Game $100 High Five [Single Entry] (4Q NOP vs LAL),100.0,NBA,2023-02-16 04:20:00+00:00,5.0,23,0
141520126,82316,408.0,False,False,False,False,True,"NBA Showdown $408 Winner Take All [$1.5K to 1st, Must Fill] (NOP vs LAL)",1500.0,NBA,2023-02-16 03:00:00+00:00,408.0,4,0
141520124,82316,267.0,False,False,False,False,True,NBA Showdown $267 Winner Take All [$1K to 1st] (Must Fill) (NOP vs LAL),1000.0,NBA,2023-02-16 03:00:00+00:00,267.0,4,0
141520329,82316,48.0,False,False,True,False,True,NBA Showdown Satellite to TEN $250 South Beach Smash (Miami) (NOP vs LAL),250.0,NBA,2023-02-16 03:00:00+00:00,48.0,6,0
141520332,82316,0.0,False,False,True,False,True,NBA Showdown Satellite to TEN $20 Sunset Special (Miami) (NOP vs LAL),20.0,NBA,2023-02-16 03:00:00+00:00,0.1,237,16
141520333,82316,0.0,False,False,True,False,True,NBA Showdown Satellite to TEN $20 Desert Drop Shot (IW) (NOP vs LAL),20.0,NBA,2023-02-16 03:00:00+00:00,0.1,237,12
141519199,82308,267.0,False,False,False,False,True,NBA Tiers $267 Winner Take All [$1K to 1st] (Must Fill),1000.0,NBA,2023-02-16 00:00:00+00:00,267.0,4,0
141520629,82308,85.0,False,False,True,False,True,NBA Tiers $85 Winner Take All [$300 to 1st],300.0,NBA,2023-02-16 00:00:00+00:00,85.0,4,1
141520630,82308,25.0,False,False,True,False,True,NBA Tiers $25 Winner Take All [$110 to 1st],110.0,NBA,2023-02-16 00:00:00+00:00,25.0,5,2
141519212,82308,6.0,False,False,False,False,False,NBA Tiers Satellite to MLB 3-30 Opening Day Special [Must Fill],15.0,NBA,2023-02-16 00:00:00+00:00,5.55,3,0
141519463,82310,267.0,False,False,False,False,True,NBA $267 Winner Take All [$1K to 1st] (Must Fill) (Turbo),1000.0,NBA,2023-02-16 00:30:00+00:00,267.0,4,0
141520472,82310,85.0,False,False,True,False,True,NBA $85 Winner Take All [$300 to 1st] (Turbo),300.0,NBA,2023-02-16 00:30:00+00:00,85.0,4,0
141519476,82310,6.0,False,False,False,False,False,NBA Satellite to MLB 3-30 Opening Day Special [Must Fill] (Turbo),15.0,NBA,2023-02-16 00:30:00+00:00,5.55,3,0
141519068,82423,181.0,False,False,False,False,True,NBA Showdown Satellite to NAS 2023 Screaming Eagle [Must Fill] (CHI vs IND),500.0,NBA,2023-02-16 00:00:00+00:00,181.0,3,0
141519072,82423,5.0,False,False,False,False,True,NBA Showdown Satellite to NBA $15 Return From Break Special (2-23) [Must Fill] (CHI vs IND),18.0,NBA,2023-02-16 00:00:00+00:00,5.0,4,0
141519073,82423,5.0,False,False,False,False,True,NBA Showdown Satellite to NBA $15 Return From Break Special (2-23) [Must Fill] (CHI vs IND),18.0,NBA,2023-02-16 00:00:00+00:00,5.0,4,0
141519071,82423,5.0,False,False,False,False,True,NBA Showdown Satellite to NBA $15 Return From Break Special (2-23) [Must Fill] (CHI vs IND),18.0,NBA,2023-02-16 00:00:00+00:00,5.0,4,0
141519066,82423,1060.0,False,False,False,False,True,NBA Showdown $4K All Star [Single Entry] (Must Fill) (CHI vs IND),4000.0,NBA,2023-02-16 00:00:00+00:00,1060.0,4,0
141519069,82423,408.0,False,False,False,False,True,"NBA Showdown $408 Winner Take All [$1.5K to 1st, Must Fill] (CHI vs IND)",1500.0,NBA,2023-02-16 00:00:00+00:00,408.0,4,0
141519067,82423,267.0,False,False,False,False,True,NBA Showdown $267 Winner Take All [$1K to 1st] (Must Fill) (CHI vs IND),1000.0,NBA,2023-02-16 00:00:00+00:00,267.0,4,0
141518369,82423,12.0,False,False,True,False,True,NBA Showdown $400 Pick and Roll [Single Entry] (CHI vs IND),400.0,NBA,2023-02-16 00:00:00+00:00,12.0,39,1
141518365,82423,27.0,False,False,True,False,True,NBA Showdown $305 Fast Break [Single Entry] (CHI vs IND),305.0,NBA,2023-02-16 00:00:00+00:00,27.0,13,1
141520416,82423,85.0,False,False,True,False,True,NBA Showdown $85 Winner Take All [$300 to 1st] (CHI vs IND),300.0,NBA,2023-02-16 00:00:00+00:00,85.0,4,0
141519332,82309,181.0,False,False,False,False,True,NBA Showdown Satellite to NAS 2023 Screaming Eagle [Must Fill] (CLE vs PHI),500.0,NBA,2023-02-16 00:30:00+00:00,181.0,3,0
141519336,82309,5.0,False,False,False,False,True,NBA Showdown Satellite to NBA $15 Return From Break Special (2-23) [Must Fill] (CLE vs PHI),18.0,NBA,2023-02-16 00:30:00+00:00,5.0,4,0
141519337,82309,5.0,False,False,False,False,True,NBA Showdown Satellite to NBA $15 Return From Break Special (2-23) [Must Fill] (CLE vs PHI),18.0,NBA,2023-02-16 00:30:00+00:00,5.0,4,0
141519335,82309,5.0,False,False,False,False,True,NBA Showdown Satellite to NBA $15 Return From Break Special (2-23) [Must Fill] (CLE vs PHI),18.0,NBA,2023-02-16 00:30:00+00:00,5.0,4,0
141519333,82309,408.0,False,False,False,False,True,"NBA Showdown $408 Winner Take All [$1.5K to 1st, Must Fill] (CLE vs PHI)",1500.0,NBA,2023-02-16 00:30:00+00:00,408.0,4,0
141519331,82309,267.0,False,False,False,False,True,NBA Showdown $267 Winner Take All [$1K to 1st] (Must Fill) (CLE vs PHI),1000.0,NBA,2023-02-16 00:30:00+00:00,267.0,4,0
141519728,82313,181.0,False,False,False,False,True,NBA Showdown Satellite to NAS 2023 Screaming Eagle [Must Fill] (UTA vs MEM),500.0,NBA,2023-02-16 01:00:00+00:00,181.0,3,0
141519732,82313,5.0,False,False,False,False,True,NBA Showdown Satellite to NBA $15 Return From Break Special (2-23) [Must Fill] (UTA vs MEM),18.0,NBA,2023-02-16 01:00:00+00:00,5.0,4,0
141519733,82313,5.0,False,False,False,False,True,NBA Showdown Satellite to NBA $15 Return From Break Special (2-23) [Must Fill] (UTA vs MEM),18.0,NBA,2023-02-16 01:00:00+00:00,5.0,4,0
141519731,82313,5.0,False,False,False,False,True,NBA Showdown Satellite to NBA $15 Return From Break Special (2-23) [Must Fill] (UTA vs MEM),18.0,NBA,2023-02-16 01:00:00+00:00,5.0,4,0
141519729,82313,408.0,False,False,False,False,True,"NBA Showdown $408 Winner Take All [$1.5K to 1st, Must Fill] (UTA vs MEM)",1500.0,NBA,2023-02-16 01:00:00+00:00,408.0,4,0
141519727,82313,267.0,False,False,False,False,True,NBA Showdown $267 Winner Take All [$1K to 1st] (Must Fill) (UTA vs MEM),1000.0,NBA,2023-02-16 01:00:00+00:00,267.0,4,0
141519596,82312,181.0,False,False,False,False,True,NBA Satellite to NAS 2023 Screaming Eagle [Must Fill] (Turbo),500.0,NBA,2023-02-16 01:00:00+00:00,181.0,3,0
141519600,82312,5.0,False,False,False,False,True,NBA Satellite to NBA $15 Return From Break Special (2-23) [Must Fill] (Turbo),18.0,NBA,2023-02-16 01:00:00+00:00,5.0,4,0
141519601,82312,5.0,False,False,False,False,True,NBA Satellite to NBA $15 Return From Break Special (2-23) [Must Fill] (Turbo),18.0,NBA,2023-02-16 01:00:00+00:00,5.0,4,0
141519599,82312,5.0,False,False,False,False,True,NBA Satellite to NBA $15 Return From Break Special (2-23) [Must Fill] (Turbo),18.0,NBA,2023-02-16 01:00:00+00:00,5.0,4,0
141519597,82312,408.0,False,False,False,False,True,"NBA $408 Winner Take All [$1.5K to 1st, Must Fill] (Turbo)",1500.0,NBA,2023-02-16 01:00:00+00:00,408.0,4,0
141519595,82312,267.0,False,False,False,False,True,NBA $267 Winner Take All [$1K to 1st] (Must Fill) (Turbo),1000.0,NBA,2023-02-16 01:00:00+00:00,267.0,4,0
141519992,82315,181.0,False,False,False,False,True,NBA Tiers Satellite to NAS 2023 Screaming Eagle [Must Fill] (Night Tiers),500.0,NBA,2023-02-16 02:00:00+00:00,181.0,3,0
141519996,82315,5.0,False,False,False,False,True,NBA Tiers Satellite to NBA $15 Return From Break Special (2-23) [Must Fill] (Night Tiers),18.0,NBA,2023-02-16 02:00:00+00:00,5.0,4,0
141519997,82315,5.0,False,False,False,False,True,NBA Tiers Satellite to NBA $15 Return From Break Special (2-23) [Must Fill] (Night Tiers),18.0,NBA,2023-02-16 02:00:00+00:00,5.0,4,0
141519995,82315,5.0,False,False,False,False,True,NBA Tiers Satellite to NBA $15 Return From Break Special (2-23) [Must Fill] (Night Tiers),18.0,NBA,2023-02-16 02:00:00+00:00,5.0,4,0
141519991,82315,267.0,False,False,False,False,True,NBA Tiers $267 Winner Take All [$1K to 1st] (Must Fill) (Night Tiers),1000.0,NBA,2023-02-16 02:00:00+00:00,267.0,4,0
141518420,82315,27.0,False,False,True,False,True,NBA Tiers $240 Fast Break [Single Entry] (Night Tiers),240.0,NBA,2023-02-16 02:00:00+00:00,27.0,10,1
141518679,82318,267.0,False,False,False,False,True,NBA In-Game $267 Winner Take All [$1K to 1st] (Must Fill) (2H NOP vs LAL),1000.0,NBA,2023-02-16 04:00:00+00:00,267.0,4,0
141518441,82318,5.0,False,False,True,False,True,NBA In-Game $200 High Five [Single Entry] (2H NOP vs LAL),200.0,NBA,2023-02-16 04:00:00+00:00,5.0,47,1
141518440,82318,12.0,False,False,True,False,True,NBA In-Game $155 Pick and Roll [Single Entry] (2H NOP vs LAL),155.0,NBA,2023-02-16 04:00:00+00:00,12.0,15,0
141520155,82318,25.0,False,False,True,False,True,NBA In-Game $25 Winner Take All [$110 to 1st] (2H NOP vs LAL),110.0,NBA,2023-02-16 04:00:00+00:00,25.0,5,0
141518439,82318,50.0,False,False,True,False,True,NBA In-Game $310 Ankle Breaker [Single Entry] (2H NOP vs LAL),310.0,NBA,2023-02-16 04:00:00+00:00,50.0,7,0
141520836,82306,0.0,False,False,True,False,True,NBA $400 Dime Time [Just $0.10!],400.0,NBA,2023-02-16 00:00:00+00:00,0.1,4756,1533
141520869,82306,39.0,False,False,True,False,True,NBA Satellite to $307 FBWC Qualifier,307.0,NBA,2023-02-16 00:00:00+00:00,39.0,9,1
141520880,82306,1.0,False,False,True,False,True,NBA SUPERSatellite to NAS 2-19 Fantasy Racing Millionaire [5x],125.0,NBA,2023-02-16 00:00:00+00:00,1.0,148,5
141520881,82306,1.0,False,False,True,False,True,NBA SUPERSatellite to NAS 2-19 Fantasy Racing Millionaire [5x],125.0,NBA,2023-02-16 00:00:00+00:00,1.0,148,8
141520925,82306,48.0,False,False,True,False,True,NBA Satellite to TEN $250 Desert Smash (IW),250.0,NBA,2023-02-16 00:00:00+00:00,48.0,6,0
141518388,82309,12.0,False,False,True,False,True,NBA Showdown $400 Pick and Roll [Single Entry] (CLE vs PHI),400.0,NBA,2023-02-16 00:30:00+00:00,12.0,39,1
141520444,82309,85.0,False,False,True,False,True,NBA Showdown $85 Winner Take All [$300 to 1st] (CLE vs PHI),300.0,NBA,2023-02-16 00:30:00+00:00,85.0,4,0
141519344,82309,6.0,False,False,False,False,False,NBA Showdown Satellite to MLB 3-30 Opening Day Special [Must Fill] (CLE vs PHI),15.0,NBA,2023-02-16 00:30:00+00:00,5.55,3,0
141519340,82309,8.0,False,False,False,False,True,NBA Showdown Reignmakers UFC Genesis STANDARD Pack Special [Must Fill] (CLE vs PHI),0.0,NBA,2023-02-16 00:30:00+00:00,7.77,5,0
141519341,82309,8.0,False,False,False,False,True,NBA Showdown Reignmakers UFC Genesis STANDARD Pack Special [Must Fill] (CLE vs PHI),0.0,NBA,2023-02-16 00:30:00+00:00,7.77,5,0
141519342,82309,8.0,False,False,False,False,True,NBA Showdown Reignmakers UFC Genesis STANDARD Pack Special [Must Fill] (CLE vs PHI),0.0,NBA,2023-02-16 00:30:00+00:00,7.77,5,0
141519343,82309,8.0,False,False,False,False,True,NBA Showdown Reignmakers UFC Genesis STANDARD Pack Special [Must Fill] (CLE vs PHI),0.0,NBA,2023-02-16 00:30:00+00:00,7.77,5,0
141519339,82309,8.0,False,False,False,False,True,NBA Showdown Reignmakers UFC Genesis STANDARD Pack Special [Must Fill] (CLE vs PHI),0.0,NBA,2023-02-16 00:30:00+00:00,7.77,5,0
141518401,82313,12.0,False,False,True,False,True,NBA Showdown $300 Pick and Roll [Single Entry] (UTA vs MEM),300.0,NBA,2023-02-16 01:00:00+00:00,12.0,29,1
141520528,82313,85.0,False,False,True,False,True,NBA Showdown $85 Winner Take All [$300 to 1st] (UTA vs MEM),300.0,NBA,2023-02-16 01:00:00+00:00,85.0,4,0
141519740,82313,6.0,False,False,False,False,False,NBA Showdown Satellite to MLB 3-30 Opening Day Special [Must Fill] (UTA vs MEM),15.0,NBA,2023-02-16 01:00:00+00:00,5.55,3,0
141519736,82313,8.0,False,False,False,False,True,NBA Showdown Reignmakers UFC Genesis STANDARD Pack Special [Must Fill] (UTA vs MEM),0.0,NBA,2023-02-16 01:00:00+00:00,7.77,5,0
141519737,82313,8.0,False,False,False,False,True,NBA Showdown Reignmakers UFC Genesis STANDARD Pack Special [Must Fill] (UTA vs MEM),0.0,NBA,2023-02-16 01:00:00+00:00,7.77,5,0
141519738,82313,8.0,False,False,False,False,True,NBA Showdown Reignmakers UFC Genesis STANDARD Pack Special [Must Fill] (UTA vs MEM),0.0,NBA,2023-02-16 01:00:00+00:00,7.77,5,0
141519739,82313,8.0,False,False,False,False,True,NBA Showdown Reignmakers UFC Genesis STANDARD Pack Special [Must Fill] (UTA vs MEM),0.0,NBA,2023-02-16 01:00:00+00:00,7.77,5,0
141519735,82313,8.0,False,False,False,False,True,NBA Showdown Reignmakers UFC Genesis STANDARD Pack Special [Must Fill] (UTA vs MEM),0.0,NBA,2023-02-16 01:00:00+00:00,7.77,5,0
141518392,82312,12.0,False,False,True,False,True,NBA $300 Pick and Roll [Single Entry] (Turbo),300.0,NBA,2023-02-16 01:00:00+00:00,12.0,29,1
141520500,82312,85.0,False,False,True,False,True,NBA $85 Winner Take All [$300 to 1st] (Turbo),300.0,NBA,2023-02-16 01:00:00+00:00,85.0,4,0
141519608,82312,6.0,False,False,False,False,False,NBA Satellite to MLB 3-30 Opening Day Special [Must Fill] (Turbo),15.0,NBA,2023-02-16 01:00:00+00:00,5.55,3,0
141519604,82312,8.0,False,False,False,False,True,NBA Reignmakers UFC Genesis STANDARD Pack Special [Must Fill] (Turbo),0.0,NBA,2023-02-16 01:00:00+00:00,7.77,5,0
141519605,82312,8.0,False,False,False,False,True,NBA Reignmakers UFC Genesis STANDARD Pack Special [Must Fill] (Turbo),0.0,NBA,2023-02-16 01:00:00+00:00,7.77,5,0
141519606,82312,8.0,False,False,False,False,True,NBA Reignmakers UFC Genesis STANDARD Pack Special [Must Fill] (Turbo),0.0,NBA,2023-02-16 01:00:00+00:00,7.77,5,0
141519607,82312,8.0,False,False,False,False,True,NBA Reignmakers UFC Genesis STANDARD Pack Special [Must Fill] (Turbo),0.0,NBA,2023-02-16 01:00:00+00:00,7.77,5,0
141519603,82312,8.0,False,False,False,False,True,NBA Reignmakers UFC Genesis STANDARD Pack Special [Must Fill] (Turbo),0.0,NBA,2023-02-16 01:00:00+00:00,7.77,5,0
141520926,82306,48.0,False,False,True,False,True,NBA Satellite to TEN $250 South Beach Smash (Miami),250.0,NBA,2023-02-16 00:00:00+00:00,48.0,6,0
141520929,82306,0.0,False,False,True,False,True,NBA Satellite to TEN $20 Sunset Special (Miami),20.0,NBA,2023-02-16 00:00:00+00:00,0.1,237,19
141520930,82306,0.0,False,False,True,False,True,NBA Satellite to TEN $20 Desert Drop Shot (IW),20.0,NBA,2023-02-16 00:00:00+00:00,0.1,237,12
141518936,82306,5.0,False,False,False,False,True,NBA Satellite to NBA $15 Return From Break Special (2-23) [Must Fill],18.0,NBA,2023-02-16 00:00:00+00:00,5.0,4,1
141518937,82306,5.0,False,False,False,False,True,NBA Satellite to NBA $15 Return From Break Special (2-23) [Must Fill],18.0,NBA,2023-02-16 00:00:00+00:00,5.0,4,1
141518935,82306,5.0,False,False,False,False,True,NBA Satellite to NBA $15 Return From Break Special (2-23) [Must Fill],18.0,NBA,2023-02-16 00:00:00+00:00,5.0,4,1
141520154,82318,85.0,False,False,True,False,True,NBA In-Game $85 Winner Take All [$300 to 1st] (2H NOP vs LAL),300.0,NBA,2023-02-16 04:00:00+00:00,85.0,4,0
141518436,82318,1.0,False,False,True,False,True,NBA In-Game $300 And-One (2H NOP vs LAL),300.0,NBA,2023-02-16 04:00:00+00:00,1.0,356,2
141518442,82318,0.0,False,False,True,False,True,NBA In-Game $100 Quarter Jukebox [Just $0.25!] (2H NOP vs LAL),100.0,NBA,2023-02-16 04:00:00+00:00,0.25,475,4
141520254,82314,0.0,False,False,True,False,True,NBA Satellite to TEN $20 Desert Drop Shot (IW) (Night),20.0,NBA,2023-02-16 02:00:00+00:00,0.1,237,3
141519864,82314,5.0,False,False,False,False,True,NBA Satellite to NBA $15 Return From Break Special (2-23) [Must Fill] (Night),18.0,NBA,2023-02-16 02:00:00+00:00,5.0,4,0
141519865,82314,5.0,False,False,False,False,True,NBA Satellite to NBA $15 Return From Break Special (2-23) [Must Fill] (Night),18.0,NBA,2023-02-16 02:00:00+00:00,5.0,4,0
141519863,82314,5.0,False,False,False,False,True,NBA Satellite to NBA $15 Return From Break Special (2-23) [Must Fill] (Night),18.0,NBA,2023-02-16 02:00:00+00:00,5.0,4,0
141519872,82314,6.0,False,False,False,False,False,NBA Satellite to MLB 3-30 Opening Day Special [Must Fill] (Night),15.0,NBA,2023-02-16 02:00:00+00:00,5.55,3,0
141518443,82319,27.0,False,False,True,False,True,NBA In-Game $240 Fast Break [Single Entry] (4Q NOP vs LAL),240.0,NBA,2023-02-16 04:20:00+00:00,27.0,10,0
141518444,82319,1.0,False,False,True,False,True,NBA In-Game $100 And-One (4Q NOP vs LAL),100.0,NBA,2023-02-16 04:20:00+00:00,1.0,118,2
141518445,82319,0.0,False,False,True,False,True,NBA In-Game $50 Quarter Jukebox [Just $0.25!] (4Q NOP vs LAL),50.0,NBA,2023-02-16 04:20:00+00:00,0.25,237,3
141536467,82306,6.0,False,False,False,False,False,NBA Satellite to MLB 3-30 Opening Day Special [Must Fill],15.0,NBA,2023-02-16 00:00:00+00:00,5.55,3,0
141518940,82306,8.0,False,False,False,False,True,NBA Reignmakers UFC Genesis STANDARD Pack Special [Must Fill],0.0,NBA,2023-02-16 00:00:00+00:00,7.77,5,0
141518941,82306,8.0,False,False,False,False,True,NBA Reignmakers UFC Genesis STANDARD Pack Special [Must Fill],0.0,NBA,2023-02-16 00:00:00+00:00,7.77,5,0
141518942,82306,8.0,False,False,False,False,True,NBA Reignmakers UFC Genesis STANDARD Pack Special [Must Fill],0.0,NBA,2023-02-16 00:00:00+00:00,7.77,5,0
141518943,82306,8.0,False,False,False,False,True,NBA Reignmakers UFC Genesis STANDARD Pack Special [Must Fill],0.0,NBA,2023-02-16 00:00:00+00:00,7.77,5,0
141518939,82306,8.0,False,False,False,False,True,NBA Reignmakers UFC Genesis STANDARD Pack Special [Must Fill],0.0,NBA,2023-02-16 00:00:00+00:00,7.77,5,0
141519208,82308,8.0,False,False,False,False,True,NBA Tiers Reignmakers UFC Genesis STANDARD Pack Special [Must Fill],0.0,NBA,2023-02-16 00:00:00+00:00,7.77,5,0
141519209,82308,8.0,False,False,False,False,True,NBA Tiers Reignmakers UFC Genesis STANDARD Pack Special [Must Fill],0.0,NBA,2023-02-16 00:00:00+00:00,7.77,5,0
141519210,82308,8.0,False,False,False,False,True,NBA Tiers Reignmakers UFC Genesis STANDARD Pack Special [Must Fill],0.0,NBA,2023-02-16 00:00:00+00:00,7.77,5,0
141519211,82308,8.0,False,False,False,False,True,NBA Tiers Reignmakers UFC Genesis STANDARD Pack Special [Must Fill],0.0,NBA,2023-02-16 00:00:00+00:00,7.77,5,0
141519207,82308,8.0,False,False,False,False,True,NBA Tiers Reignmakers UFC Genesis STANDARD Pack Special [Must Fill],0.0,NBA,2023-02-16 00:00:00+00:00,7.77,5,0
141519080,82423,6.0,False,False,False,False,False,NBA Showdown Satellite to MLB 3-30 Opening Day Special [Must Fill] (CHI vs IND),15.0,NBA,2023-02-16 00:00:00+00:00,5.55,3,0
141519076,82423,8.0,False,False,False,False,True,NBA Showdown Reignmakers UFC Genesis STANDARD Pack Special [Must Fill] (CHI vs IND),0.0,NBA,2023-02-16 00:00:00+00:00,7.77,5,0
141519077,82423,8.0,False,False,False,False,True,NBA Showdown Reignmakers UFC Genesis STANDARD Pack Special [Must Fill] (CHI vs IND),0.0,NBA,2023-02-16 00:00:00+00:00,7.77,5,0
141519078,82423,8.0,False,False,False,False,True,NBA Showdown Reignmakers UFC Genesis STANDARD Pack Special [Must Fill] (CHI vs IND),0.0,NBA,2023-02-16 00:00:00+00:00,7.77,5,0
141519079,82423,8.0,False,False,False,False,True,NBA Showdown Reignmakers UFC Genesis STANDARD Pack Special [Must Fill] (CHI vs IND),0.0,NBA,2023-02-16 00:00:00+00:00,7.77,5,0
141519075,82423,8.0,False,False,False,False,True,NBA Showdown Reignmakers UFC Genesis STANDARD Pack Special [Must Fill] (CHI vs IND),0.0,NBA,2023-02-16 00:00:00+00:00,7.77,5,0
141519472,82310,8.0,False,False,False,False,True,NBA Reignmakers UFC Genesis STANDARD Pack Special [Must Fill] (Turbo),0.0,NBA,2023-02-16 00:30:00+00:00,7.77,5,0
141519473,82310,8.0,False,False,False,False,True,NBA Reignmakers UFC Genesis STANDARD Pack Special [Must Fill] (Turbo),0.0,NBA,2023-02-16 00:30:00+00:00,7.77,5,0
141519474,82310,8.0,False,False,False,False,True,NBA Reignmakers UFC Genesis STANDARD Pack Special [Must Fill] (Turbo),0.0,NBA,2023-02-16 00:30:00+00:00,7.77,5,0
141519475,82310,8.0,False,False,False,False,True,NBA Reignmakers UFC Genesis STANDARD Pack Special [Must Fill] (Turbo),0.0,NBA,2023-02-16 00:30:00+00:00,7.77,5,0
141519471,82310,8.0,False,False,False,False,True,NBA Reignmakers UFC Genesis STANDARD Pack Special [Must Fill] (Turbo),0.0,NBA,2023-02-16 00:30:00+00:00,7.77,5,0
141520004,82315,6.0,False,False,False,False,False,NBA Tiers Satellite to MLB 3-30 Opening Day Special [Must Fill] (Night Tiers),15.0,NBA,2023-02-16 02:00:00+00:00,5.55,3,0
141520000,82315,8.0,False,False,False,False,True,NBA Tiers Reignmakers UFC Genesis STANDARD Pack Special [Must Fill] (Night Tiers),0.0,NBA,2023-02-16 02:00:00+00:00,7.77,5,0
141520001,82315,8.0,False,False,False,False,True,NBA Tiers Reignmakers UFC Genesis STANDARD Pack Special [Must Fill] (Night Tiers),0.0,NBA,2023-02-16 02:00:00+00:00,7.77,5,0
141520002,82315,8.0,False,False,False,False,True,NBA Tiers Reignmakers UFC Genesis STANDARD Pack Special [Must Fill] (Night Tiers),0.0,NBA,2023-02-16 02:00:00+00:00,7.77,5,0
141520003,82315,8.0,False,False,False,False,True,NBA Tiers Reignmakers UFC Genesis STANDARD Pack Special [Must Fill] (Night Tiers),0.0,NBA,2023-02-16 02:00:00+00:00,7.77,5,0
141519999,82315,8.0,False,False,False,False,True,NBA Tiers Reignmakers UFC Genesis STANDARD Pack Special [Must Fill] (Night Tiers),0.0,NBA,2023-02-16 02:00:00+00:00,7.77,5,0
141519868,82314,8.0,False,False,False,False,True,NBA Reignmakers UFC Genesis STANDARD Pack Special [Must Fill] (Night),0.0,NBA,2023-02-16 02:00:00+00:00,7.77,5,0
141519869,82314,8.0,False,False,False,False,True,NBA Reignmakers UFC Genesis STANDARD Pack Special [Must Fill] (Night),0.0,NBA,2023-02-16 02:00:00+00:00,7.77,5,0
141519870,82314,8.0,False,False,False,False,True,NBA Reignmakers UFC Genesis STANDARD Pack Special [Must Fill] (Night),0.0,NBA,2023-02-16 02:00:00+00:00,7.77,5,0
141519871,82314,8.0,False,False,False,False,True,NBA Reignmakers UFC Genesis STANDARD Pack Special [Must Fill] (Night),0.0,NBA,2023-02-16 02:00:00+00:00,7.77,5,0
141519867,82314,8.0,False,False,False,False,True,NBA Reignmakers UFC Genesis STANDARD Pack Special [Must Fill] (Night),0.0,NBA,2023-02-16 02:00:00+00:00,7.77,5,0
141520129,82316,5.0,False,False,False,False,True,NBA Showdown Satellite to NBA $15 Return From Break Special (2-23) [Must Fill] (NOP vs LAL),18.0,NBA,2023-02-16 03:00:00+00:00,5.0,4,0
141520130,82316,5.0,False,False,False,False,True,NBA Showdown Satellite to NBA $15 Return From Break Special (2-23) [Must Fill] (NOP vs LAL),18.0,NBA,2023-02-16 03:00:00+00:00,5.0,4,0
141520128,82316,5.0,False,False,False,False,True,NBA Showdown Satellite to NBA $15 Return From Break Special (2-23) [Must Fill] (NOP vs LAL),18.0,NBA,2023-02-16 03:00:00+00:00,5.0,4,0
141520137,82316,6.0,False,False,False,False,False,NBA Showdown Satellite to MLB 3-30 Opening Day Special [Must Fill] (NOP vs LAL),15.0,NBA,2023-02-16 03:00:00+00:00,5.55,3,0
141520133,82316,8.0,False,False,False,False,True,NBA Showdown Reignmakers UFC Genesis STANDARD Pack Special [Must Fill] (NOP vs LAL),0.0,NBA,2023-02-16 03:00:00+00:00,7.77,5,0
141520134,82316,8.0,False,False,False,False,True,NBA Showdown Reignmakers UFC Genesis STANDARD Pack Special [Must Fill] (NOP vs LAL),0.0,NBA,2023-02-16 03:00:00+00:00,7.77,5,0
141520135,82316,8.0,False,False,False,False,True,NBA Showdown Reignmakers UFC Genesis STANDARD Pack Special [Must Fill] (NOP vs LAL),0.0,NBA,2023-02-16 03:00:00+00:00,7.77,5,0
141520136,82316,8.0,False,False,False,False,True,NBA Showdown Reignmakers UFC Genesis STANDARD Pack Special [Must Fill] (NOP vs LAL),0.0,NBA,2023-02-16 03:00:00+00:00,7.77,5,0
141520132,82316,8.0,False,False,False,False,True,NBA Showdown Reignmakers UFC Genesis STANDARD Pack Special [Must Fill] (NOP vs LAL),0.0,NBA,2023-02-16 03:00:00+00:00,7.77,5,0
141520900,82306,5.0,False,False,True,False,True,NBA SUPERSat to NBA $15 Return From Break Special (2-23) [4x],60.0,NBA,2023-02-16 00:00:00+00:00,5.0,14,0
141520899,82306,2.0,False,False,True,False,True,NBA SUPERSat to NBA $15 Return From Break Special (2-23) [2x],30.0,NBA,2023-02-16 00:00:00+00:00,2.0,17,1
141520898,82306,1.0,False,False,True,False,True,NBA SUPERSat to NBA $15 Return From Break Special (2-23) [2x],30.0,NBA,2023-02-16 00:00:00+00:00,1.0,35,3
141520897,82306,0.0,False,False,True,False,True,NBA SUPERSat to NBA $15 Return From Break Special (2-23) [2x],30.0,NBA,2023-02-16 00:00:00+00:00,0.25,142,12
141520896,82306,0.0,False,False,True,False,True,NBA SUPERSat to NBA $15 Return From Break Special (2-23) [2x],30.0,NBA,2023-02-16 00:00:00+00:00,0.1,356,50
141520895,82306,2.0,False,False,True,False,True,NBA Satellite to NBA $15 Return From Break Special (2-23),15.0,NBA,2023-02-16 00:00:00+00:00,2.0,8,0
141520894,82306,1.0,False,False,True,False,True,NBA Satellite to NBA $15 Return From Break Special (2-23),15.0,NBA,2023-02-16 00:00:00+00:00,1.0,17,3
141520893,82306,0.0,False,False,True,False,True,NBA Satellite to NBA $15 Return From Break Special (2-23),15.0,NBA,2023-02-16 00:00:00+00:00,0.25,71,7
141520865,82306,2.0,False,False,True,False,True,NBA Satellite to $60 FBWC Qualifier,60.0,NBA,2023-02-16 00:00:00+00:00,2.0,35,0
141520874,82306,1.0,False,False,True,False,True,NBA Satellite to $60 FBWC Qualifier,60.0,NBA,2023-02-16 00:00:00+00:00,1.0,71,1
141520916,82306,1.0,False,False,True,False,True,NBA SUPERSatellite to XFL Kick Off Special (2-18) [4x],60.0,NBA,2023-02-16 00:00:00+00:00,1.0,71,1
141520915,82306,5.0,False,False,True,False,True,NBA SUPERSatellite to XFL Kick Off Special (2-18) [2x],30.0,NBA,2023-02-16 00:00:00+00:00,5.0,7,0
141520870,82306,87.0,False,False,True,False,True,NBA Satellite to $307 FBWC Qualifier,307.0,NBA,2023-02-16 00:00:00+00:00,87.0,4,0
141520868,82306,27.0,False,False,True,False,True,NBA Satellite to $140 FBWC Qualifier,140.0,NBA,2023-02-16 00:00:00+00:00,27.0,6,0
141520914,82306,1.0,False,False,True,False,True,NBA Satellite to XFL Kick Off  Special (2-18),15.0,NBA,2023-02-16 00:00:00+00:00,1.0,17,1
141520913,82306,0.0,False,False,True,False,True,NBA Satellite to XFL Kick Off  Special (2-18),15.0,NBA,2023-02-16 00:00:00+00:00,0.25,71,1
141520912,82306,0.0,False,False,True,False,True,NBA Satellite to XFL Kick Off  Special (2-18),15.0,NBA,2023-02-16 00:00:00+00:00,0.1,178,9
141520882,82306,0.0,False,False,True,False,True,NBA SUPERSatellite to NAS 2-19 Fantasy Racing Millionaire [2x],50.0,NBA,2023-02-16 00:00:00+00:00,0.5,118,5
141520892,82306,0.0,False,False,True,False,True,NBA Satellite to NAS 2-19 Fantasy Racing Millionaire,25.0,NBA,2023-02-16 00:00:00+00:00,0.25,118,5
141520891,82306,0.0,False,False,True,False,True,NBA Satellite to NAS 2-19 Fantasy Racing Millionaire,25.0,NBA,2023-02-16 00:00:00+00:00,0.25,118,5
141520890,82306,0.0,False,False,True,False,True,NBA Satellite to NAS 2-19 Fantasy Racing Millionaire,25.0,NBA,2023-02-16 00:00:00+00:00,0.25,118,5
141520889,82306,0.0,False,False,True,False,True,NBA Satellite to NAS 2-19 Fantasy Racing Millionaire,25.0,NBA,2023-02-16 00:00:00+00:00,0.25,118,4
141520888,82306,0.0,False,False,True,False,True,NBA Satellite to NAS 2-19 Fantasy Racing Millionaire,25.0,NBA,2023-02-16 00:00:00+00:00,0.25,118,4
141520879,82306,1.0,False,False,True,False,True,NBA Satellite to NAS 2-19 Fantasy Racing Millionaire,25.0,NBA,2023-02-16 00:00:00+00:00,1.0,29,1
141520878,82306,1.0,False,False,True,False,True,NBA Satellite to NAS 2-19 Fantasy Racing Millionaire,25.0,NBA,2023-02-16 00:00:00+00:00,1.0,29,1
141520877,82306,1.0,False,False,True,False,True,NBA Satellite to NAS 2-19 Fantasy Racing Millionaire,25.0,NBA,2023-02-16 00:00:00+00:00,1.0,29,1
141520876,82306,1.0,False,False,True,False,True,NBA Satellite to NAS 2-19 Fantasy Racing Millionaire,25.0,NBA,2023-02-16 00:00:00+00:00,1.0,29,1
141520875,82306,1.0,False,False,True,False,True,NBA Satellite to NAS 2-19 Fantasy Racing Millionaire,25.0,NBA,2023-02-16 00:00:00+00:00,1.0,29,1
141520887,82306,0.0,False,False,True,False,True,NBA Satellite to NAS 2-19 Fantasy Racing Millionaire,25.0,NBA,2023-02-16 00:00:00+00:00,0.1,297,26
141520886,82306,0.0,False,False,True,False,True,NBA Satellite to NAS 2-19 Fantasy Racing Millionaire,25.0,NBA,2023-02-16 00:00:00+00:00,0.1,297,26
141520885,82306,0.0,False,False,True,False,True,NBA Satellite to NAS 2-19 Fantasy Racing Millionaire,25.0,NBA,2023-02-16 00:00:00+00:00,0.1,297,22
141520884,82306,0.0,False,False,True,False,True,NBA Satellite to NAS 2-19 Fantasy Racing Millionaire,25.0,NBA,2023-02-16 00:00:00+00:00,0.1,297,22
141520883,82306,0.0,False,False,True,False,True,NBA Satellite to NAS 2-19 Fantasy Racing Millionaire,25.0,NBA,2023-02-16 00:00:00+00:00,0.1,297,23
141520924,82306,5.0,False,False,True,False,True,NBA SUPERSatellite to TEN $20 Sunset Special (Miami) [2x],40.0,NBA,2023-02-16 00:00:00+00:00,5.0,9,0
141520923,82306,5.0,False,False,True,False,True,NBA SUPERSatellite to TEN $20 Desert Drop Shot (IW) [2x],40.0,NBA,2023-02-16 00:00:00+00:00,5.0,9,0
141520911,82306,3.0,False,False,True,False,True,NBA SUPERSat to $25 Fantasy Basketball Millionaire [4x],100.0,NBA,2023-02-16 00:00:00+00:00,3.0,39,0
141520910,82306,1.0,False,False,True,False,True,NBA SUPERSat to $25 Fantasy Basketball Millionaire [4x],100.0,NBA,2023-02-16 00:00:00+00:00,1.0,118,0
141520909,82306,2.0,False,False,True,False,True,NBA SUPERSat to $25 Fantasy Basketball Millionaire [2x],50.0,NBA,2023-02-16 00:00:00+00:00,2.0,29,0
141520908,82306,1.0,False,False,True,False,True,NBA SUPERSat to $25 Fantasy Basketball Millionaire [2x],50.0,NBA,2023-02-16 00:00:00+00:00,1.0,59,2
141520907,82306,0.0,False,False,True,False,True,NBA SUPERSat to $25 Fantasy Basketball Millionaire [2x],50.0,NBA,2023-02-16 00:00:00+00:00,0.5,118,4
141520906,82306,0.0,False,False,True,False,True,NBA SUPERSat to $25 Fantasy Basketball Millionaire [2x],50.0,NBA,2023-02-16 00:00:00+00:00,0.25,237,16
141520905,82306,2.0,False,False,True,False,True,NBA Satellite to $25 Fantasy Basketball Millionaire,25.0,NBA,2023-02-16 00:00:00+00:00,2.0,14,1
141520904,82306,1.0,False,False,True,False,True,NBA Satellite to $25 Fantasy Basketball Millionaire,25.0,NBA,2023-02-16 00:00:00+00:00,1.0,29,2
141520903,82306,0.0,False,False,True,False,True,NBA Satellite to $25 Fantasy Basketball Millionaire,25.0,NBA,2023-02-16 00:00:00+00:00,0.5,59,4
141520902,82306,0.0,False,False,True,False,True,NBA Satellite to $25 Fantasy Basketball Millionaire,25.0,NBA,2023-02-16 00:00:00+00:00,0.25,118,8
141520901,82306,0.0,False,False,True,False,True,NBA Satellite to $25 Fantasy Basketball Millionaire,25.0,NBA,2023-02-16 00:00:00+00:00,0.1,297,32
141520928,82306,1.0,False,False,True,False,True,NBA Satellite to TEN $20 Sunset Special (Miami),20.0,NBA,2023-02-16 00:00:00+00:00,1.0,23,2
141520927,82306,1.0,False,False,True,False,True,NBA Satellite to TEN $20 Desert Drop Shot (IW),20.0,NBA,2023-02-16 00:00:00+00:00,1.0,23,2
141520860,82306,1.0,False,False,True,False,False,NBA $1 Hundo [Single Entry],90.0,NBA,2023-02-16 00:00:00+00:00,1.0,100,10
141520741,82306,9.0,False,False,True,False,False,NBA $9 Contest,300.0,NBA,2023-02-16 00:00:00+00:00,9.0,39,1
141520742,82306,5.0,False,False,True,False,False,NBA $5 Contest,200.0,NBA,2023-02-16 00:00:00+00:00,5.0,47,3
141520743,82306,2.0,False,False,True,False,False,NBA $2 Contest,200.0,NBA,2023-02-16 00:00:00+00:00,2.0,118,2
141520744,82306,1.0,False,False,True,False,False,NBA $1 Contest,50.0,NBA,2023-02-16 00:00:00+00:00,1.0,59,3
141520746,82306,0.0,False,False,True,False,False,NBA $0.25 Contest,50.0,NBA,2023-02-16 00:00:00+00:00,0.25,237,27
141520745,82306,0.0,False,False,True,False,False,NBA $0.25 Contest,50.0,NBA,2023-02-16 00:00:00+00:00,0.25,237,21
141520816,82306,267.0,False,False,True,False,True,NBA $267 Winner Take All [$1K to 1st],1000.0,NBA,2023-02-16 00:00:00+00:00,267.0,4,1
141520780,82306,100.0,False,False,True,False,False,NBA $100 Winner Take All [$1K to 1st],1000.0,NBA,2023-02-16 00:00:00+00:00,100.0,11,1
141520787,82306,50.0,False,False,True,False,False,NBA $50 Winner Take All [$500 to 1st],500.0,NBA,2023-02-16 00:00:00+00:00,50.0,11,1
141520781,82306,20.0,False,False,True,False,False,NBA $20 Winner Take All [$500 to 1st],500.0,NBA,2023-02-16 00:00:00+00:00,20.0,29,1
141520751,82306,20.0,False,False,True,False,False,NBA $20 Winner Take All [$175 to 1st],175.0,NBA,2023-02-16 00:00:00+00:00,20.0,10,1
141520782,82306,5.0,False,False,True,False,False,NBA $5 Winner Take All [$100 to 1st],100.0,NBA,2023-02-16 00:00:00+00:00,5.0,23,1
141520784,82306,3.0,False,False,True,False,False,NBA $3 Winner Take All [$100 to 1st],100.0,NBA,2023-02-16 00:00:00+00:00,3.0,39,0
141520783,82306,3.0,False,False,True,False,False,NBA $3 Winner Take All [$100 to 1st],100.0,NBA,2023-02-16 00:00:00+00:00,3.0,39,0
141520752,82306,2.0,False,False,True,False,False,NBA $2 Winner Take All [$120 to 1st],120.0,NBA,2023-02-16 00:00:00+00:00,2.0,71,0
141520786,82306,1.0,False,False,True,False,False,NBA $1 Winner Take All [$100 to 1st],100.0,NBA,2023-02-16 00:00:00+00:00,1.0,118,12
141520785,82306,1.0,False,False,True,False,False,NBA $1 Winner Take All [$100 to 1st],100.0,NBA,2023-02-16 00:00:00+00:00,1.0,118,8
141520753,82306,0.0,False,False,True,False,False,NBA $0.25 Winner Take All [$50 to 1st],50.0,NBA,2023-02-16 00:00:00+00:00,0.25,237,53
141520737,82306,5.0,False,False,True,False,False,NBA 10x Booster [Top 5 Win $50],250.0,NBA,2023-02-16 00:00:00+00:00,5.0,59,5
141520738,82306,2.0,False,False,True,False,False,NBA 10x Booster [Top 10 Win $20],200.0,NBA,2023-02-16 00:00:00+00:00,2.0,118,5
141520739,82306,2.0,False,False,True,False,False,NBA 10x Booster [Top 5 Win $20],100.0,NBA,2023-02-16 00:00:00+00:00,2.0,59,2
141520740,82306,2.0,False,False,True,False,False,NBA 10x Booster [Top 3 Win $20],60.0,NBA,2023-02-16 00:00:00+00:00,2.0,35,6
141520788,82306,100.0,False,False,True,False,False,NBA $100 Quintuple Up [Top 2 Win $500],1000.0,NBA,2023-02-16 00:00:00+00:00,100.0,11,1
141520847,82306,25.0,False,False,True,False,False,NBA $25 Quintuple Up [Top 5 Win $125],625.0,NBA,2023-02-16 00:00:00+00:00,25.0,28,2
141520733,82306,25.0,False,False,True,False,False,NBA $25 Quintuple Up [Top 5 Win $125],625.0,NBA,2023-02-16 00:00:00+00:00,25.0,28,1
141520846,82306,10.0,False,False,True,False,False,NBA $10 Quintuple Up [Top 5 Win $50],250.0,NBA,2023-02-16 00:00:00+00:00,10.0,28,2
141520855,82306,5.0,False,False,True,False,False,NBA $5 Quintuple Up [Top 5 Win $25],125.0,NBA,2023-02-16 00:00:00+00:00,5.0,28,4
141520858,82306,3.0,False,False,True,False,False,NBA $3 Quintuple Up [Top 5 Win $15],75.0,NBA,2023-02-16 00:00:00+00:00,3.0,28,0
141520857,82306,3.0,False,False,True,False,False,NBA $3 Quintuple Up [Top 5 Win $15],75.0,NBA,2023-02-16 00:00:00+00:00,3.0,28,0
141520856,82306,3.0,False,False,True,False,False,NBA $3 Quintuple Up [Top 5 Win $15],75.0,NBA,2023-02-16 00:00:00+00:00,3.0,28,0
141520854,82306,1.0,False,False,True,False,False,NBA $1 Quintuple Up [Top 5 Win $5],25.0,NBA,2023-02-16 00:00:00+00:00,1.0,28,3
141520853,82306,1.0,False,False,True,False,False,NBA $1 Quintuple Up [Top 5 Win $5],25.0,NBA,2023-02-16 00:00:00+00:00,1.0,28,1
141520852,82306,1.0,False,False,True,False,False,NBA $1 Quintuple Up [Top 5 Win $5],25.0,NBA,2023-02-16 00:00:00+00:00,1.0,28,2
141520851,82306,1.0,False,False,True,False,False,NBA $1 Quintuple Up [Top 5 Win $5],25.0,NBA,2023-02-16 00:00:00+00:00,1.0,28,1
141520850,82306,1.0,False,False,True,False,False,NBA $1 Quintuple Up [Top 5 Win $5],25.0,NBA,2023-02-16 00:00:00+00:00,1.0,28,1
141520849,82306,1.0,False,False,True,False,False,NBA $1 Quintuple Up [Top 5 Win $5],25.0,NBA,2023-02-16 00:00:00+00:00,1.0,28,1
141520750,82306,2.0,False,False,True,False,False,NBA 10x Booster [Top 5 Win $20],100.0,NBA,2023-02-16 00:00:00+00:00,2.0,59,1
141520848,82306,100.0,False,False,True,False,False,NBA $100 Triple Up [Top 3 Win $300],900.0,NBA,2023-02-16 00:00:00+00:00,100.0,10,1
141520797,82306,50.0,False,False,True,False,False,NBA $50 Triple Up [Top 5 Win $150],750.0,NBA,2023-02-16 00:00:00+00:00,50.0,17,3
141520796,82306,50.0,False,False,True,False,False,NBA $50 Triple Up [Top 5 Win $150],750.0,NBA,2023-02-16 00:00:00+00:00,50.0,17,2
141520800,82306,25.0,False,False,True,False,False,NBA $25 Triple Up [Top 9 Win $75],675.0,NBA,2023-02-16 00:00:00+00:00,25.0,31,3
141520799,82306,25.0,False,False,True,False,False,NBA $25 Triple Up [Top 9 Win $75],675.0,NBA,2023-02-16 00:00:00+00:00,25.0,31,3
141520798,82306,25.0,False,False,True,False,False,NBA $25 Triple Up [Top 9 Win $75],675.0,NBA,2023-02-16 00:00:00+00:00,25.0,31,3
141520806,82306,10.0,False,False,True,False,False,NBA $10 Triple Up [Top 18 Win $30],540.0,NBA,2023-02-16 00:00:00+00:00,10.0,62,3
141520805,82306,10.0,False,False,True,False,False,NBA $10 Triple Up [Top 18 Win $30],540.0,NBA,2023-02-16 00:00:00+00:00,10.0,62,3
141520804,82306,10.0,False,False,True,False,False,NBA $10 Triple Up [Top 18 Win $30],540.0,NBA,2023-02-16 00:00:00+00:00,10.0,62,3
141520803,82306,10.0,False,False,True,False,False,NBA $10 Triple Up [Top 18 Win $30],540.0,NBA,2023-02-16 00:00:00+00:00,10.0,62,3
141520802,82306,10.0,False,False,True,False,False,NBA $10 Triple Up [Top 18 Win $30],540.0,NBA,2023-02-16 00:00:00+00:00,10.0,62,3
141520801,82306,10.0,False,False,True,False,False,NBA $10 Triple Up [Top 9 Win $30],270.0,NBA,2023-02-16 00:00:00+00:00,10.0,31,4
141520808,82306,5.0,False,False,True,False,False,NBA $5 Triple Up [Top 18 Win $15],270.0,NBA,2023-02-16 00:00:00+00:00,5.0,62,3
141520807,82306,5.0,False,False,True,False,False,NBA $5 Triple Up [Top 18 Win $15],270.0,NBA,2023-02-16 00:00:00+00:00,5.0,62,3
141520809,82306,5.0,False,False,True,False,False,NBA $5 Triple Up [Top 9 Win $15],135.0,NBA,2023-02-16 00:00:00+00:00,5.0,31,3
141520795,82306,5.0,False,False,True,False,False,NBA $5 Triple Up [Top 6 Win $15],90.0,NBA,2023-02-16 00:00:00+00:00,5.0,20,3
141520794,82306,5.0,False,False,True,False,False,NBA $5 Triple Up [Top 6 Win $15],90.0,NBA,2023-02-16 00:00:00+00:00,5.0,20,4
141520793,82306,5.0,False,False,True,False,False,NBA $5 Triple Up [Top 6 Win $15],90.0,NBA,2023-02-16 00:00:00+00:00,5.0,20,3
141520811,82306,1.0,False,False,True,False,False,NBA $1 Triple Up [Top 18 Win $3],54.0,NBA,2023-02-16 00:00:00+00:00,1.0,62,5
141520810,82306,1.0,False,False,True,False,False,NBA $1 Triple Up [Top 18 Win $3],54.0,NBA,2023-02-16 00:00:00+00:00,1.0,62,3
141520815,82306,1.0,False,False,True,False,False,NBA $1 Triple Up [Top 9 Win $3],27.0,NBA,2023-02-16 00:00:00+00:00,1.0,31,3
141520814,82306,1.0,False,False,True,False,False,NBA $1 Triple Up [Top 9 Win $3],27.0,NBA,2023-02-16 00:00:00+00:00,1.0,31,2
141520813,82306,1.0,False,False,True,False,False,NBA $1 Triple Up [Top 9 Win $3],27.0,NBA,2023-02-16 00:00:00+00:00,1.0,31,5
141520812,82306,1.0,False,False,True,False,False,NBA $1 Triple Up [Top 9 Win $3],27.0,NBA,2023-02-16 00:00:00+00:00,1.0,31,6
141520792,82306,3.0,True,False,True,False,False,Casual NBA $3 Double Up,60.0,NBA,2023-02-16 00:00:00+00:00,3.0,23,1
141520791,82306,3.0,True,False,True,False,False,Casual NBA $3 Double Up,60.0,NBA,2023-02-16 00:00:00+00:00,3.0,23,1
141520790,82306,1.0,True,False,True,False,False,Casual NBA $1 Double Up,20.0,NBA,2023-02-16 00:00:00+00:00,1.0,23,3
141520789,82306,1.0,True,False,True,False,False,Casual NBA $1 Double Up,20.0,NBA,2023-02-16 00:00:00+00:00,1.0,23,2
141520749,82306,1.0,True,False,True,False,False,Beginner NBA $1 Double Up,20.0,NBA,2023-02-16 00:00:00+00:00,1.0,23,2
141520835,82306,1060.0,True,False,True,False,True,"NBA $1,060 50-50",8000.0,NBA,2023-02-16 00:00:00+00:00,1060.0,8,2
141520817,82306,530.0,True,False,True,False,True,NBA $530 50-50,4000.0,NBA,2023-02-16 00:00:00+00:00,530.0,8,3
141520859,82306,250.0,True,False,True,False,False,NBA $250 Double Up,2500.0,NBA,2023-02-16 00:00:00+00:00,250.0,11,3
141520734,82306,100.0,True,False,True,False,False,NBA $100 Double Up,2000.0,NBA,2023-02-16 00:00:00+00:00,100.0,22,3
141520861,82306,100.0,True,False,True,False,False,NBA $100 Double Up,1000.0,NBA,2023-02-16 00:00:00+00:00,100.0,11,3
141520862,82306,50.0,True,False,True,False,False,NBA $50 Double Up,1000.0,NBA,2023-02-16 00:00:00+00:00,50.0,22,4
141520748,82306,50.0,True,False,True,False,False,NBA $50 Double Up,500.0,NBA,2023-02-16 00:00:00+00:00,50.0,11,3
141520747,82306,50.0,True,False,True,False,False,NBA $50 Double Up,500.0,NBA,2023-02-16 00:00:00+00:00,50.0,11,3
141520864,82306,50.0,True,False,True,False,False,NBA $50 Double Up,500.0,NBA,2023-02-16 00:00:00+00:00,50.0,11,3
141520863,82306,50.0,True,False,True,False,False,NBA $50 Double Up,500.0,NBA,2023-02-16 00:00:00+00:00,50.0,11,3
141520754,82306,25.0,True,False,True,False,False,NBA $25 Double Up,2000.0,NBA,2023-02-16 00:00:00+00:00,25.0,91,5
141520834,82306,25.0,True,False,True,False,False,NBA $25 Double Up,850.0,NBA,2023-02-16 00:00:00+00:00,25.0,39,4
141520756,82306,25.0,True,False,True,False,False,NBA $25 Double Up,500.0,NBA,2023-02-16 00:00:00+00:00,25.0,22,4
141520755,82306,25.0,True,False,True,False,False,NBA $25 Double Up,500.0,NBA,2023-02-16 00:00:00+00:00,25.0,22,3
141520779,82306,25.0,True,False,True,False,False,NBA $25 Double Up,250.0,NBA,2023-02-16 00:00:00+00:00,25.0,11,3
141520778,82306,25.0,True,False,True,False,False,NBA $25 Double Up,250.0,NBA,2023-02-16 00:00:00+00:00,25.0,11,3
141520819,82306,10.0,True,False,True,False,False,NBA $10 Double Up,1080.0,NBA,2023-02-16 00:00:00+00:00,10.0,124,8
141520818,82306,10.0,True,False,True,False,False,NBA $10 Double Up,1080.0,NBA,2023-02-16 00:00:00+00:00,10.0,124,8
141520828,82306,10.0,True,False,True,False,False,NBA $10 Double Up,540.0,NBA,2023-02-16 00:00:00+00:00,10.0,62,5
141520827,82306,10.0,True,False,True,False,False,NBA $10 Double Up,540.0,NBA,2023-02-16 00:00:00+00:00,10.0,62,5
141520777,82306,10.0,True,False,True,False,False,NBA $10 Double Up,200.0,NBA,2023-02-16 00:00:00+00:00,10.0,23,2
141520757,82306,10.0,True,False,True,False,False,NBA $10 Double Up,200.0,NBA,2023-02-16 00:00:00+00:00,10.0,23,2
141520841,82306,10.0,True,False,True,False,False,NBA $10 Double Up,200.0,NBA,2023-02-16 00:00:00+00:00,10.0,23,2
141520735,82306,5.0,True,False,True,False,False,NBA $5 Double Up,1000.0,NBA,2023-02-16 00:00:00+00:00,5.0,229,7
141520826,82306,5.0,True,False,True,False,False,NBA $5 Double Up,540.0,NBA,2023-02-16 00:00:00+00:00,5.0,124,7
141520825,82306,5.0,True,False,True,False,False,NBA $5 Double Up,540.0,NBA,2023-02-16 00:00:00+00:00,5.0,124,6
141520833,82306,5.0,True,False,True,False,False,NBA $5 Double Up,270.0,NBA,2023-02-16 00:00:00+00:00,5.0,62,5
141520832,82306,5.0,True,False,True,False,False,NBA $5 Double Up,270.0,NBA,2023-02-16 00:00:00+00:00,5.0,62,4
141520831,82306,5.0,True,False,True,False,False,NBA $5 Double Up,270.0,NBA,2023-02-16 00:00:00+00:00,5.0,62,4
141520776,82306,5.0,True,False,True,False,False,NBA $5 Double Up,100.0,NBA,2023-02-16 00:00:00+00:00,5.0,23,2
141520762,82306,5.0,True,False,True,False,False,NBA $5 Double Up,100.0,NBA,2023-02-16 00:00:00+00:00,5.0,23,2
141520761,82306,5.0,True,False,True,False,False,NBA $5 Double Up,100.0,NBA,2023-02-16 00:00:00+00:00,5.0,23,2
141520760,82306,5.0,True,False,True,False,False,NBA $5 Double Up,100.0,NBA,2023-02-16 00:00:00+00:00,5.0,23,2
141520736,82306,3.0,True,False,True,False,False,NBA $3 Double Up,600.0,NBA,2023-02-16 00:00:00+00:00,3.0,229,7
141520824,82306,3.0,True,False,True,False,False,NBA $3 Double Up,324.0,NBA,2023-02-16 00:00:00+00:00,3.0,124,5
141520830,82306,3.0,True,False,True,False,False,NBA $3 Double Up,162.0,NBA,2023-02-16 00:00:00+00:00,3.0,62,3
141520829,82306,3.0,True,False,True,False,False,NBA $3 Double Up,162.0,NBA,2023-02-16 00:00:00+00:00,3.0,62,2
141520775,82306,3.0,True,False,True,False,False,NBA $3 Double Up,60.0,NBA,2023-02-16 00:00:00+00:00,3.0,23,1
141520774,82306,3.0,True,False,True,False,False,NBA $3 Double Up,60.0,NBA,2023-02-16 00:00:00+00:00,3.0,23,1
141520759,82306,3.0,True,False,True,False,False,NBA $3 Double Up,60.0,NBA,2023-02-16 00:00:00+00:00,3.0,23,1
141520758,82306,3.0,True,False,True,False,False,NBA $3 Double Up,60.0,NBA,2023-02-16 00:00:00+00:00,3.0,23,1
141520840,82306,3.0,True,False,True,False,False,NBA $3 Double Up,60.0,NBA,2023-02-16 00:00:00+00:00,3.0,23,1
141520839,82306,3.0,True,False,True,False,False,NBA $3 Double Up,60.0,NBA,2023-02-16 00:00:00+00:00,3.0,23,1
141520838,82306,3.0,True,False,True,False,False,NBA $3 Double Up,60.0,NBA,2023-02-16 00:00:00+00:00,3.0,23,1
141520845,82306,1.0,True,False,True,False,False,NBA $1 Double Up,100.0,NBA,2023-02-16 00:00:00+00:00,1.0,114,17
141520844,82306,1.0,True,False,True,False,False,NBA $1 Double Up,100.0,NBA,2023-02-16 00:00:00+00:00,1.0,114,9
141520843,82306,1.0,True,False,True,False,False,NBA $1 Double Up,100.0,NBA,2023-02-16 00:00:00+00:00,1.0,114,8
141520842,82306,1.0,True,False,True,False,False,NBA $1 Double Up,100.0,NBA,2023-02-16 00:00:00+00:00,1.0,114,8
141520823,82306,1.0,True,False,True,False,False,NBA $1 Double Up,54.0,NBA,2023-02-16 00:00:00+00:00,1.0,62,4
141520822,82306,1.0,True,False,True,False,False,NBA $1 Double Up,54.0,NBA,2023-02-16 00:00:00+00:00,1.0,62,3
141520821,82306,1.0,True,False,True,False,False,NBA $1 Double Up,54.0,NBA,2023-02-16 00:00:00+00:00,1.0,62,3
141520820,82306,1.0,True,False,True,False,False,NBA $1 Double Up,54.0,NBA,2023-02-16 00:00:00+00:00,1.0,62,3
141520837,82306,1.0,True,False,True,False,False,NBA $1 Double Up,20.0,NBA,2023-02-16 00:00:00+00:00,1.0,23,2
141520773,82306,1.0,True,False,True,False,False,NBA $1 Double Up,20.0,NBA,2023-02-16 00:00:00+00:00,1.0,23,4
141520772,82306,1.0,True,False,True,False,False,NBA $1 Double Up,20.0,NBA,2023-02-16 00:00:00+00:00,1.0,23,2
141520771,82306,1.0,True,False,True,False,False,NBA $1 Double Up,20.0,NBA,2023-02-16 00:00:00+00:00,1.0,23,1
141520770,82306,1.0,True,False,True,False,False,NBA $1 Double Up,20.0,NBA,2023-02-16 00:00:00+00:00,1.0,23,1
141520769,82306,1.0,True,False,True,False,False,NBA $1 Double Up,20.0,NBA,2023-02-16 00:00:00+00:00,1.0,23,1
141520768,82306,1.0,True,False,True,False,False,NBA $1 Double Up,20.0,NBA,2023-02-16 00:00:00+00:00,1.0,23,2
141520767,82306,1.0,True,False,True,False,False,NBA $1 Double Up,20.0,NBA,2023-02-16 00:00:00+00:00,1.0,23,1
141520766,82306,1.0,True,False,True,False,False,NBA $1 Double Up,20.0,NBA,2023-02-16 00:00:00+00:00,1.0,23,1
141520765,82306,1.0,True,False,True,False,False,NBA $1 Double Up,20.0,NBA,2023-02-16 00:00:00+00:00,1.0,23,1
141520764,82306,1.0,True,False,True,False,False,NBA $1 Double Up,20.0,NBA,2023-02-16 00:00:00+00:00,1.0,23,2
141520763,82306,1.0,True,False,True,False,False,NBA $1 Double Up,20.0,NBA,2023-02-16 00:00:00+00:00,1.0,23,1
141520635,82308,2.0,False,False,True,False,True,NBA Tiers SUPERSat to NBA $15 Return From Break Special (2-23) [2x],30.0,NBA,2023-02-16 00:00:00+00:00,2.0,17,0
141520634,82308,1.0,False,False,True,False,True,NBA Tiers SUPERSat to NBA $15 Return From Break Special (2-23) [2x],30.0,NBA,2023-02-16 00:00:00+00:00,1.0,35,4
141520633,82308,0.0,False,False,True,False,True,NBA Tiers SUPERSat to NBA $15 Return From Break Special (2-23) [2x],30.0,NBA,2023-02-16 00:00:00+00:00,0.25,142,8
141520632,82308,1.0,False,False,True,False,True,NBA Tiers Satellite to NBA $15 Return From Break Special (2-23),15.0,NBA,2023-02-16 00:00:00+00:00,1.0,17,3
141520631,82308,0.0,False,False,True,False,True,NBA Tiers Satellite to NBA $15 Return From Break Special (2-23),15.0,NBA,2023-02-16 00:00:00+00:00,0.25,71,7
141520640,82308,2.0,False,False,True,False,True,NBA Tiers SUPERSat to $25 Fantasy Basketball Millionaire [2x],50.0,NBA,2023-02-16 00:00:00+00:00,2.0,29,1
141520639,82308,0.0,False,False,True,False,True,NBA Tiers SUPERSat to $25 Fantasy Basketball Millionaire [2x],50.0,NBA,2023-02-16 00:00:00+00:00,0.25,237,10
141520638,82308,2.0,False,False,True,False,True,NBA Tiers Satellite to $25 Fantasy Basketball Millionaire,25.0,NBA,2023-02-16 00:00:00+00:00,2.0,14,0
141520637,82308,1.0,False,False,True,False,True,NBA Tiers Satellite to $25 Fantasy Basketball Millionaire,25.0,NBA,2023-02-16 00:00:00+00:00,1.0,29,4
141520636,82308,0.0,False,False,True,False,True,NBA Tiers Satellite to $25 Fantasy Basketball Millionaire,25.0,NBA,2023-02-16 00:00:00+00:00,0.5,59,2
141520625,82308,25.0,False,False,True,False,False,NBA Tiers $25 Triple Up [Top 3 Win $75],225.0,NBA,2023-02-16 00:00:00+00:00,25.0,10,2
141520614,82308,10.0,False,False,True,False,False,NBA Tiers $10 Triple Up [Top 9 Win $30],270.0,NBA,2023-02-16 00:00:00+00:00,10.0,31,3
141520627,82308,5.0,False,False,True,False,False,NBA Tiers $5 Triple Up [Top 9 Win $15],135.0,NBA,2023-02-16 00:00:00+00:00,5.0,31,2
141520613,82308,5.0,False,False,True,False,False,NBA Tiers $5 Triple Up [Top 9 Win $15],135.0,NBA,2023-02-16 00:00:00+00:00,5.0,31,2
141520626,82308,1.0,False,False,True,False,False,NBA Tiers $1 Triple Up [Top 9 Win $3],27.0,NBA,2023-02-16 00:00:00+00:00,1.0,31,7
141520612,82308,1.0,False,False,True,False,False,NBA Tiers $1 Triple Up [Top 9 Win $3],27.0,NBA,2023-02-16 00:00:00+00:00,1.0,31,4
141520621,82308,100.0,True,False,True,False,False,NBA Tiers $100 Double Up,1000.0,NBA,2023-02-16 00:00:00+00:00,100.0,11,1
141520620,82308,50.0,True,False,True,False,False,NBA Tiers $50 Double Up,500.0,NBA,2023-02-16 00:00:00+00:00,50.0,11,2
141520616,82308,25.0,True,False,True,False,False,NBA Tiers $25 Double Up,250.0,NBA,2023-02-16 00:00:00+00:00,25.0,11,2
141520611,82308,10.0,True,False,True,False,False,NBA Tiers $10 Double Up,200.0,NBA,2023-02-16 00:00:00+00:00,10.0,23,3
141520619,82308,10.0,True,False,True,False,False,NBA Tiers $10 Double Up,100.0,NBA,2023-02-16 00:00:00+00:00,10.0,11,5
141520624,82308,5.0,True,False,True,False,False,NBA Tiers $5 Double Up,100.0,NBA,2023-02-16 00:00:00+00:00,5.0,23,3
141520617,82308,5.0,True,False,True,False,False,NBA Tiers $5 Double Up,100.0,NBA,2023-02-16 00:00:00+00:00,5.0,23,3
141520622,82308,3.0,True,False,True,False,False,NBA Tiers $3 Double Up,60.0,NBA,2023-02-16 00:00:00+00:00,3.0,23,7
141520615,82308,3.0,True,False,True,False,False,NBA Tiers $3 Double Up,60.0,NBA,2023-02-16 00:00:00+00:00,3.0,23,2
141520628,82308,1.0,True,False,True,False,False,NBA Tiers $1 Double Up,20.0,NBA,2023-02-16 00:00:00+00:00,1.0,23,15
141520623,82308,1.0,True,False,True,False,False,NBA Tiers $1 Double Up,20.0,NBA,2023-02-16 00:00:00+00:00,1.0,23,5
141520618,82308,1.0,True,False,True,False,False,NBA Tiers $1 Double Up,20.0,NBA,2023-02-16 00:00:00+00:00,1.0,23,6
141520422,82423,2.0,False,False,True,False,True,NBA Showdown SUPERSat to NBA $15 Return From Break Special (2-23) [2x] (CHI vs IND),30.0,NBA,2023-02-16 00:00:00+00:00,2.0,17,0
141520421,82423,0.0,False,False,True,False,True,NBA Showdown SUPERSat to NBA $15 Return From Break Special (2-23) [2x] (CHI vs IND),30.0,NBA,2023-02-16 00:00:00+00:00,0.25,142,7
141520420,82423,0.0,False,False,True,False,True,NBA Showdown SUPERSat to NBA $15 Return From Break Special (2-23) [2x] (CHI vs IND),30.0,NBA,2023-02-16 00:00:00+00:00,0.1,356,22
141520419,82423,2.0,False,False,True,False,True,NBA Showdown Satellite to NBA $15 Return From Break Special (2-23) (CHI vs IND),15.0,NBA,2023-02-16 00:00:00+00:00,2.0,8,0
141520418,82423,1.0,False,False,True,False,True,NBA Showdown Satellite to NBA $15 Return From Break Special (2-23) (CHI vs IND),15.0,NBA,2023-02-16 00:00:00+00:00,1.0,17,3
141520417,82423,0.0,False,False,True,False,True,NBA Showdown Satellite to NBA $15 Return From Break Special (2-23) (CHI vs IND),15.0,NBA,2023-02-16 00:00:00+00:00,0.25,71,2
141520430,82423,5.0,False,False,True,False,True,NBA Showdown SUPERSatellite to TEN $20 Sunset Special (Miami) [2x] (CHI vs IND),40.0,NBA,2023-02-16 00:00:00+00:00,5.0,9,1
141520429,82423,5.0,False,False,True,False,True,NBA Showdown SUPERSatellite to TEN $20 Desert Drop Shot (IW) [2x] (CHI vs IND),40.0,NBA,2023-02-16 00:00:00+00:00,5.0,9,1
141520428,82423,2.0,False,False,True,False,True,NBA Showdown SUPERSat to $25 Fantasy Basketball Millionaire [2x] (CHI vs IND),50.0,NBA,2023-02-16 00:00:00+00:00,2.0,29,0
141520427,82423,0.0,False,False,True,False,True,NBA Showdown SUPERSat to $25 Fantasy Basketball Millionaire [2x] (CHI vs IND),50.0,NBA,2023-02-16 00:00:00+00:00,0.5,118,3
141520426,82423,2.0,False,False,True,False,True,NBA Showdown Satellite to $25 Fantasy Basketball Millionaire (CHI vs IND),25.0,NBA,2023-02-16 00:00:00+00:00,2.0,14,0
141520425,82423,1.0,False,False,True,False,True,NBA Showdown Satellite to $25 Fantasy Basketball Millionaire (CHI vs IND),25.0,NBA,2023-02-16 00:00:00+00:00,1.0,29,1
141520424,82423,0.0,False,False,True,False,True,NBA Showdown Satellite to $25 Fantasy Basketball Millionaire (CHI vs IND),25.0,NBA,2023-02-16 00:00:00+00:00,0.5,59,1
141520423,82423,0.0,False,False,True,False,True,NBA Showdown Satellite to $25 Fantasy Basketball Millionaire (CHI vs IND),25.0,NBA,2023-02-16 00:00:00+00:00,0.1,297,13
141520432,82423,1.0,False,False,True,False,True,NBA Showdown Satellite to TEN $20 Sunset Special (Miami) (CHI vs IND),20.0,NBA,2023-02-16 00:00:00+00:00,1.0,23,1
141520431,82423,1.0,False,False,True,False,True,NBA Showdown Satellite to TEN $20 Desert Drop Shot (IW) (CHI vs IND),20.0,NBA,2023-02-16 00:00:00+00:00,1.0,23,2
141520411,82423,1.0,False,False,True,False,False,NBA Showdown $1 Triple Up [Top 9 Win $3] (CHI vs IND),27.0,NBA,2023-02-16 00:00:00+00:00,1.0,31,9
141520405,82423,50.0,True,False,True,False,False,NBA Showdown $50 Double Up (CHI vs IND),500.0,NBA,2023-02-16 00:00:00+00:00,50.0,11,2
141520406,82423,25.0,True,False,True,False,False,NBA Showdown $25 Double Up (CHI vs IND),250.0,NBA,2023-02-16 00:00:00+00:00,25.0,11,2
141520415,82423,10.0,True,False,True,False,False,NBA Showdown $10 Double Up (CHI vs IND),100.0,NBA,2023-02-16 00:00:00+00:00,10.0,11,2
141520410,82423,10.0,True,False,True,False,False,NBA Showdown $10 Double Up (CHI vs IND),100.0,NBA,2023-02-16 00:00:00+00:00,10.0,11,2
141520414,82423,5.0,True,False,True,False,False,NBA Showdown $5 Double Up (CHI vs IND),100.0,NBA,2023-02-16 00:00:00+00:00,5.0,23,2
141520409,82423,5.0,True,False,True,False,False,NBA Showdown $5 Double Up (CHI vs IND),100.0,NBA,2023-02-16 00:00:00+00:00,5.0,23,2
141520413,82423,3.0,True,False,True,False,False,NBA Showdown $3 Double Up (CHI vs IND),60.0,NBA,2023-02-16 00:00:00+00:00,3.0,23,1
141520408,82423,3.0,True,False,True,False,False,NBA Showdown $3 Double Up (CHI vs IND),60.0,NBA,2023-02-16 00:00:00+00:00,3.0,23,1
141537495,82423,1.0,True,False,True,False,False,NBA Showdown $1 Double Up (CHI vs IND),20.0,NBA,2023-02-16 00:00:00+00:00,1.0,23,2
141520412,82423,1.0,True,False,True,False,False,NBA Showdown $1 Double Up (CHI vs IND),20.0,NBA,2023-02-16 00:00:00+00:00,1.0,23,16
141520407,82423,1.0,True,False,True,False,False,NBA Showdown $1 Double Up (CHI vs IND),20.0,NBA,2023-02-16 00:00:00+00:00,1.0,23,7
141520478,82310,2.0,False,False,True,False,True,NBA SUPERSat to NBA $15 Return From Break Special (2-23) [2x] (Turbo),30.0,NBA,2023-02-16 00:30:00+00:00,2.0,17,0
141520477,82310,0.0,False,False,True,False,True,NBA SUPERSat to NBA $15 Return From Break Special (2-23) [2x] (Turbo),30.0,NBA,2023-02-16 00:30:00+00:00,0.25,142,5
141520476,82310,0.0,False,False,True,False,True,NBA SUPERSat to NBA $15 Return From Break Special (2-23) [2x] (Turbo),30.0,NBA,2023-02-16 00:30:00+00:00,0.1,356,17
141520475,82310,2.0,False,False,True,False,True,NBA Satellite to NBA $15 Return From Break Special (2-23) (Turbo),15.0,NBA,2023-02-16 00:30:00+00:00,2.0,8,0
141520474,82310,1.0,False,False,True,False,True,NBA Satellite to NBA $15 Return From Break Special (2-23) (Turbo),15.0,NBA,2023-02-16 00:30:00+00:00,1.0,17,3
141520473,82310,0.0,False,False,True,False,True,NBA Satellite to NBA $15 Return From Break Special (2-23) (Turbo),15.0,NBA,2023-02-16 00:30:00+00:00,0.25,71,5
141520486,82310,5.0,False,False,True,False,True,NBA SUPERSatellite to TEN $20 Sunset Special (Miami) [2x] (Turbo),40.0,NBA,2023-02-16 00:30:00+00:00,5.0,9,1
141520485,82310,5.0,False,False,True,False,True,NBA SUPERSatellite to TEN $20 Desert Drop Shot (IW) [2x] (Turbo),40.0,NBA,2023-02-16 00:30:00+00:00,5.0,9,1
141520484,82310,2.0,False,False,True,False,True,NBA SUPERSat to $25 Fantasy Basketball Millionaire [2x] (Turbo),50.0,NBA,2023-02-16 00:30:00+00:00,2.0,29,0
141520483,82310,0.0,False,False,True,False,True,NBA SUPERSat to $25 Fantasy Basketball Millionaire [2x] (Turbo),50.0,NBA,2023-02-16 00:30:00+00:00,0.5,118,4
141520482,82310,2.0,False,False,True,False,True,NBA Satellite to $25 Fantasy Basketball Millionaire (Turbo),25.0,NBA,2023-02-16 00:30:00+00:00,2.0,14,0
141520481,82310,1.0,False,False,True,False,True,NBA Satellite to $25 Fantasy Basketball Millionaire (Turbo),25.0,NBA,2023-02-16 00:30:00+00:00,1.0,29,2
141520480,82310,0.0,False,False,True,False,True,NBA Satellite to $25 Fantasy Basketball Millionaire (Turbo),25.0,NBA,2023-02-16 00:30:00+00:00,0.5,59,3
141520479,82310,0.0,False,False,True,False,True,NBA Satellite to $25 Fantasy Basketball Millionaire (Turbo),25.0,NBA,2023-02-16 00:30:00+00:00,0.1,297,13
141520488,82310,1.0,False,False,True,False,True,NBA Satellite to TEN $20 Sunset Special (Miami) (Turbo),20.0,NBA,2023-02-16 00:30:00+00:00,1.0,23,2
141520487,82310,1.0,False,False,True,False,True,NBA Satellite to TEN $20 Desert Drop Shot (IW) (Turbo),20.0,NBA,2023-02-16 00:30:00+00:00,1.0,23,2
141520467,82310,1.0,False,False,True,False,False,NBA $1 Triple Up [Top 9 Win $3] (Turbo),27.0,NBA,2023-02-16 00:30:00+00:00,1.0,31,6
141520461,82310,50.0,True,False,True,False,False,NBA $50 Double Up (Turbo),500.0,NBA,2023-02-16 00:30:00+00:00,50.0,11,1
141520462,82310,25.0,True,False,True,False,False,NBA $25 Double Up (Turbo),250.0,NBA,2023-02-16 00:30:00+00:00,25.0,11,1
141520471,82310,10.0,True,False,True,False,False,NBA $10 Double Up (Turbo),100.0,NBA,2023-02-16 00:30:00+00:00,10.0,11,1
141520466,82310,10.0,True,False,True,False,False,NBA $10 Double Up (Turbo),100.0,NBA,2023-02-16 00:30:00+00:00,10.0,11,1
141520470,82310,5.0,True,False,True,False,False,NBA $5 Double Up (Turbo),100.0,NBA,2023-02-16 00:30:00+00:00,5.0,23,1
141520465,82310,5.0,True,False,True,False,False,NBA $5 Double Up (Turbo),100.0,NBA,2023-02-16 00:30:00+00:00,5.0,23,1
141520469,82310,3.0,True,False,True,False,False,NBA $3 Double Up (Turbo),60.0,NBA,2023-02-16 00:30:00+00:00,3.0,23,0
141520464,82310,3.0,True,False,True,False,False,NBA $3 Double Up (Turbo),60.0,NBA,2023-02-16 00:30:00+00:00,3.0,23,0
141520468,82310,1.0,True,False,True,False,False,NBA $1 Double Up (Turbo),20.0,NBA,2023-02-16 00:30:00+00:00,1.0,23,3
141520463,82310,1.0,True,False,True,False,False,NBA $1 Double Up (Turbo),20.0,NBA,2023-02-16 00:30:00+00:00,1.0,23,3
141520450,82309,2.0,False,False,True,False,True,NBA Showdown SUPERSat to NBA $15 Return From Break Special (2-23) [2x] (CLE vs PHI),30.0,NBA,2023-02-16 00:30:00+00:00,2.0,17,1
141520449,82309,0.0,False,False,True,False,True,NBA Showdown SUPERSat to NBA $15 Return From Break Special (2-23) [2x] (CLE vs PHI),30.0,NBA,2023-02-16 00:30:00+00:00,0.25,142,4
141520448,82309,0.0,False,False,True,False,True,NBA Showdown SUPERSat to NBA $15 Return From Break Special (2-23) [2x] (CLE vs PHI),30.0,NBA,2023-02-16 00:30:00+00:00,0.1,356,19
141520447,82309,2.0,False,False,True,False,True,NBA Showdown Satellite to NBA $15 Return From Break Special (2-23) (CLE vs PHI),15.0,NBA,2023-02-16 00:30:00+00:00,2.0,8,0
141520446,82309,1.0,False,False,True,False,True,NBA Showdown Satellite to NBA $15 Return From Break Special (2-23) (CLE vs PHI),15.0,NBA,2023-02-16 00:30:00+00:00,1.0,17,4
141520445,82309,0.0,False,False,True,False,True,NBA Showdown Satellite to NBA $15 Return From Break Special (2-23) (CLE vs PHI),15.0,NBA,2023-02-16 00:30:00+00:00,0.25,71,2
141520458,82309,5.0,False,False,True,False,True,NBA Showdown SUPERSatellite to TEN $20 Sunset Special (Miami) [2x] (CLE vs PHI),40.0,NBA,2023-02-16 00:30:00+00:00,5.0,9,1
141520457,82309,5.0,False,False,True,False,True,NBA Showdown SUPERSatellite to TEN $20 Desert Drop Shot (IW) [2x] (CLE vs PHI),40.0,NBA,2023-02-16 00:30:00+00:00,5.0,9,1
141520456,82309,2.0,False,False,True,False,True,NBA Showdown SUPERSat to $25 Fantasy Basketball Millionaire [2x] (CLE vs PHI),50.0,NBA,2023-02-16 00:30:00+00:00,2.0,29,0
141520455,82309,0.0,False,False,True,False,True,NBA Showdown SUPERSat to $25 Fantasy Basketball Millionaire [2x] (CLE vs PHI),50.0,NBA,2023-02-16 00:30:00+00:00,0.5,118,3
141520454,82309,2.0,False,False,True,False,True,NBA Showdown Satellite to $25 Fantasy Basketball Millionaire (CLE vs PHI),25.0,NBA,2023-02-16 00:30:00+00:00,2.0,14,0
141520453,82309,1.0,False,False,True,False,True,NBA Showdown Satellite to $25 Fantasy Basketball Millionaire (CLE vs PHI),25.0,NBA,2023-02-16 00:30:00+00:00,1.0,29,1
141520452,82309,0.0,False,False,True,False,True,NBA Showdown Satellite to $25 Fantasy Basketball Millionaire (CLE vs PHI),25.0,NBA,2023-02-16 00:30:00+00:00,0.5,59,1
141520451,82309,0.0,False,False,True,False,True,NBA Showdown Satellite to $25 Fantasy Basketball Millionaire (CLE vs PHI),25.0,NBA,2023-02-16 00:30:00+00:00,0.1,297,14
141520460,82309,1.0,False,False,True,False,True,NBA Showdown Satellite to TEN $20 Sunset Special (Miami) (CLE vs PHI),20.0,NBA,2023-02-16 00:30:00+00:00,1.0,23,1
141520459,82309,1.0,False,False,True,False,True,NBA Showdown Satellite to TEN $20 Desert Drop Shot (IW) (CLE vs PHI),20.0,NBA,2023-02-16 00:30:00+00:00,1.0,23,2
141520439,82309,1.0,False,False,True,False,False,NBA Showdown $1 Triple Up [Top 9 Win $3] (CLE vs PHI),27.0,NBA,2023-02-16 00:30:00+00:00,1.0,31,11
141520433,82309,50.0,True,False,True,False,False,NBA Showdown $50 Double Up (CLE vs PHI),500.0,NBA,2023-02-16 00:30:00+00:00,50.0,11,2
141520434,82309,25.0,True,False,True,False,False,NBA Showdown $25 Double Up (CLE vs PHI),250.0,NBA,2023-02-16 00:30:00+00:00,25.0,11,2
141520443,82309,10.0,True,False,True,False,False,NBA Showdown $10 Double Up (CLE vs PHI),100.0,NBA,2023-02-16 00:30:00+00:00,10.0,11,2
141520438,82309,10.0,True,False,True,False,False,NBA Showdown $10 Double Up (CLE vs PHI),100.0,NBA,2023-02-16 00:30:00+00:00,10.0,11,2
141520442,82309,5.0,True,False,True,False,False,NBA Showdown $5 Double Up (CLE vs PHI),100.0,NBA,2023-02-16 00:30:00+00:00,5.0,23,2
141520437,82309,5.0,True,False,True,False,False,NBA Showdown $5 Double Up (CLE vs PHI),100.0,NBA,2023-02-16 00:30:00+00:00,5.0,23,2
141520441,82309,3.0,True,False,True,False,False,NBA Showdown $3 Double Up (CLE vs PHI),60.0,NBA,2023-02-16 00:30:00+00:00,3.0,23,2
141520436,82309,3.0,True,False,True,False,False,NBA Showdown $3 Double Up (CLE vs PHI),60.0,NBA,2023-02-16 00:30:00+00:00,3.0,23,2
141520440,82309,1.0,True,False,True,False,False,NBA Showdown $1 Double Up (CLE vs PHI),20.0,NBA,2023-02-16 00:30:00+00:00,1.0,23,12
141520435,82309,1.0,True,False,True,False,False,NBA Showdown $1 Double Up (CLE vs PHI),20.0,NBA,2023-02-16 00:30:00+00:00,1.0,23,10
141520506,82312,2.0,False,False,True,False,True,NBA SUPERSat to NBA $15 Return From Break Special (2-23) [2x] (Turbo),30.0,NBA,2023-02-16 01:00:00+00:00,2.0,17,0
141520505,82312,0.0,False,False,True,False,True,NBA SUPERSat to NBA $15 Return From Break Special (2-23) [2x] (Turbo),30.0,NBA,2023-02-16 01:00:00+00:00,0.25,142,5
141520504,82312,0.0,False,False,True,False,True,NBA SUPERSat to NBA $15 Return From Break Special (2-23) [2x] (Turbo),30.0,NBA,2023-02-16 01:00:00+00:00,0.1,356,19
141520503,82312,2.0,False,False,True,False,True,NBA Satellite to NBA $15 Return From Break Special (2-23) (Turbo),15.0,NBA,2023-02-16 01:00:00+00:00,2.0,8,0
141520502,82312,1.0,False,False,True,False,True,NBA Satellite to NBA $15 Return From Break Special (2-23) (Turbo),15.0,NBA,2023-02-16 01:00:00+00:00,1.0,17,3
141520501,82312,0.0,False,False,True,False,True,NBA Satellite to NBA $15 Return From Break Special (2-23) (Turbo),15.0,NBA,2023-02-16 01:00:00+00:00,0.25,71,3
141520514,82312,5.0,False,False,True,False,True,NBA SUPERSatellite to TEN $20 Sunset Special (Miami) [2x] (Turbo),40.0,NBA,2023-02-16 01:00:00+00:00,5.0,9,1
141520513,82312,5.0,False,False,True,False,True,NBA SUPERSatellite to TEN $20 Desert Drop Shot (IW) [2x] (Turbo),40.0,NBA,2023-02-16 01:00:00+00:00,5.0,9,1
141520512,82312,2.0,False,False,True,False,True,NBA SUPERSat to $25 Fantasy Basketball Millionaire [2x] (Turbo),50.0,NBA,2023-02-16 01:00:00+00:00,2.0,29,0
141520511,82312,0.0,False,False,True,False,True,NBA SUPERSat to $25 Fantasy Basketball Millionaire [2x] (Turbo),50.0,NBA,2023-02-16 01:00:00+00:00,0.5,118,4
141520510,82312,2.0,False,False,True,False,True,NBA Satellite to $25 Fantasy Basketball Millionaire (Turbo),25.0,NBA,2023-02-16 01:00:00+00:00,2.0,14,0
141520509,82312,1.0,False,False,True,False,True,NBA Satellite to $25 Fantasy Basketball Millionaire (Turbo),25.0,NBA,2023-02-16 01:00:00+00:00,1.0,29,1
141520508,82312,0.0,False,False,True,False,True,NBA Satellite to $25 Fantasy Basketball Millionaire (Turbo),25.0,NBA,2023-02-16 01:00:00+00:00,0.5,59,2
141520507,82312,0.0,False,False,True,False,True,NBA Satellite to $25 Fantasy Basketball Millionaire (Turbo),25.0,NBA,2023-02-16 01:00:00+00:00,0.1,297,11
141520516,82312,1.0,False,False,True,False,True,NBA Satellite to TEN $20 Sunset Special (Miami) (Turbo),20.0,NBA,2023-02-16 01:00:00+00:00,1.0,23,1
141520515,82312,1.0,False,False,True,False,True,NBA Satellite to TEN $20 Desert Drop Shot (IW) (Turbo),20.0,NBA,2023-02-16 01:00:00+00:00,1.0,23,1
141520495,82312,1.0,False,False,True,False,False,NBA $1 Triple Up [Top 9 Win $3] (Turbo),27.0,NBA,2023-02-16 01:00:00+00:00,1.0,31,3
141520489,82312,50.0,True,False,True,False,False,NBA $50 Double Up (Turbo),500.0,NBA,2023-02-16 01:00:00+00:00,50.0,11,1
141520490,82312,25.0,True,False,True,False,False,NBA $25 Double Up (Turbo),250.0,NBA,2023-02-16 01:00:00+00:00,25.0,11,1
141520499,82312,10.0,True,False,True,False,False,NBA $10 Double Up (Turbo),100.0,NBA,2023-02-16 01:00:00+00:00,10.0,11,1
141520494,82312,10.0,True,False,True,False,False,NBA $10 Double Up (Turbo),100.0,NBA,2023-02-16 01:00:00+00:00,10.0,11,1
141520498,82312,5.0,True,False,True,False,False,NBA $5 Double Up (Turbo),100.0,NBA,2023-02-16 01:00:00+00:00,5.0,23,2
141520493,82312,5.0,True,False,True,False,False,NBA $5 Double Up (Turbo),100.0,NBA,2023-02-16 01:00:00+00:00,5.0,23,1
141520497,82312,3.0,True,False,True,False,False,NBA $3 Double Up (Turbo),60.0,NBA,2023-02-16 01:00:00+00:00,3.0,23,0
141520492,82312,3.0,True,False,True,False,False,NBA $3 Double Up (Turbo),60.0,NBA,2023-02-16 01:00:00+00:00,3.0,23,0
141520496,82312,1.0,True,False,True,False,False,NBA $1 Double Up (Turbo),20.0,NBA,2023-02-16 01:00:00+00:00,1.0,23,5
141520491,82312,1.0,True,False,True,False,False,NBA $1 Double Up (Turbo),20.0,NBA,2023-02-16 01:00:00+00:00,1.0,23,3
141520534,82313,2.0,False,False,True,False,True,NBA Showdown SUPERSat to NBA $15 Return From Break Special (2-23) [2x] (UTA vs MEM),30.0,NBA,2023-02-16 01:00:00+00:00,2.0,17,0
141520533,82313,0.0,False,False,True,False,True,NBA Showdown SUPERSat to NBA $15 Return From Break Special (2-23) [2x] (UTA vs MEM),30.0,NBA,2023-02-16 01:00:00+00:00,0.25,142,4
141520532,82313,0.0,False,False,True,False,True,NBA Showdown SUPERSat to NBA $15 Return From Break Special (2-23) [2x] (UTA vs MEM),30.0,NBA,2023-02-16 01:00:00+00:00,0.1,356,23
141520531,82313,2.0,False,False,True,False,True,NBA Showdown Satellite to NBA $15 Return From Break Special (2-23) (UTA vs MEM),15.0,NBA,2023-02-16 01:00:00+00:00,2.0,8,0
141520530,82313,1.0,False,False,True,False,True,NBA Showdown Satellite to NBA $15 Return From Break Special (2-23) (UTA vs MEM),15.0,NBA,2023-02-16 01:00:00+00:00,1.0,17,3
141520529,82313,0.0,False,False,True,False,True,NBA Showdown Satellite to NBA $15 Return From Break Special (2-23) (UTA vs MEM),15.0,NBA,2023-02-16 01:00:00+00:00,0.25,71,2
141520542,82313,5.0,False,False,True,False,True,NBA Showdown SUPERSatellite to TEN $20 Sunset Special (Miami) [2x] (UTA vs MEM),40.0,NBA,2023-02-16 01:00:00+00:00,5.0,9,1
141520541,82313,5.0,False,False,True,False,True,NBA Showdown SUPERSatellite to TEN $20 Desert Drop Shot (IW) [2x] (UTA vs MEM),40.0,NBA,2023-02-16 01:00:00+00:00,5.0,9,1
141520540,82313,2.0,False,False,True,False,True,NBA Showdown SUPERSat to $25 Fantasy Basketball Millionaire [2x] (UTA vs MEM),50.0,NBA,2023-02-16 01:00:00+00:00,2.0,29,0
141520539,82313,0.0,False,False,True,False,True,NBA Showdown SUPERSat to $25 Fantasy Basketball Millionaire [2x] (UTA vs MEM),50.0,NBA,2023-02-16 01:00:00+00:00,0.5,118,4
141520538,82313,2.0,False,False,True,False,True,NBA Showdown Satellite to $25 Fantasy Basketball Millionaire (UTA vs MEM),25.0,NBA,2023-02-16 01:00:00+00:00,2.0,14,0
141520537,82313,1.0,False,False,True,False,True,NBA Showdown Satellite to $25 Fantasy Basketball Millionaire (UTA vs MEM),25.0,NBA,2023-02-16 01:00:00+00:00,1.0,29,1
141520536,82313,0.0,False,False,True,False,True,NBA Showdown Satellite to $25 Fantasy Basketball Millionaire (UTA vs MEM),25.0,NBA,2023-02-16 01:00:00+00:00,0.5,59,2
141520535,82313,0.0,False,False,True,False,True,NBA Showdown Satellite to $25 Fantasy Basketball Millionaire (UTA vs MEM),25.0,NBA,2023-02-16 01:00:00+00:00,0.1,297,11
141520544,82313,1.0,False,False,True,False,True,NBA Showdown Satellite to TEN $20 Sunset Special (Miami) (UTA vs MEM),20.0,NBA,2023-02-16 01:00:00+00:00,1.0,23,1
141520543,82313,1.0,False,False,True,False,True,NBA Showdown Satellite to TEN $20 Desert Drop Shot (IW) (UTA vs MEM),20.0,NBA,2023-02-16 01:00:00+00:00,1.0,23,2
141520523,82313,1.0,False,False,True,False,False,NBA Showdown $1 Triple Up [Top 9 Win $3] (UTA vs MEM),27.0,NBA,2023-02-16 01:00:00+00:00,1.0,31,11
141520517,82313,50.0,True,False,True,False,False,NBA Showdown $50 Double Up (UTA vs MEM),500.0,NBA,2023-02-16 01:00:00+00:00,50.0,11,2
141520518,82313,25.0,True,False,True,False,False,NBA Showdown $25 Double Up (UTA vs MEM),250.0,NBA,2023-02-16 01:00:00+00:00,25.0,11,2
141520527,82313,10.0,True,False,True,False,False,NBA Showdown $10 Double Up (UTA vs MEM),100.0,NBA,2023-02-16 01:00:00+00:00,10.0,11,2
141520522,82313,10.0,True,False,True,False,False,NBA Showdown $10 Double Up (UTA vs MEM),100.0,NBA,2023-02-16 01:00:00+00:00,10.0,11,3
141520526,82313,5.0,True,False,True,False,False,NBA Showdown $5 Double Up (UTA vs MEM),100.0,NBA,2023-02-16 01:00:00+00:00,5.0,23,2
141520521,82313,5.0,True,False,True,False,False,NBA Showdown $5 Double Up (UTA vs MEM),100.0,NBA,2023-02-16 01:00:00+00:00,5.0,23,2
141520525,82313,3.0,True,False,True,False,False,NBA Showdown $3 Double Up (UTA vs MEM),60.0,NBA,2023-02-16 01:00:00+00:00,3.0,23,1
141520520,82313,3.0,True,False,True,False,False,NBA Showdown $3 Double Up (UTA vs MEM),60.0,NBA,2023-02-16 01:00:00+00:00,3.0,23,1
141539025,82313,1.0,True,False,True,False,False,NBA Showdown $1 Double Up (UTA vs MEM),20.0,NBA,2023-02-16 01:00:00+00:00,1.0,23,1
141520524,82313,1.0,True,False,True,False,False,NBA Showdown $1 Double Up (UTA vs MEM),20.0,NBA,2023-02-16 01:00:00+00:00,1.0,23,15
141520519,82313,1.0,True,False,True,False,False,NBA Showdown $1 Double Up (UTA vs MEM),20.0,NBA,2023-02-16 01:00:00+00:00,1.0,23,4
141520241,82314,2.0,False,False,True,False,True,NBA SUPERSat to NBA $15 Return From Break Special (2-23) [2x] (Night),30.0,NBA,2023-02-16 02:00:00+00:00,2.0,17,0
141520240,82314,1.0,False,False,True,False,True,NBA SUPERSat to NBA $15 Return From Break Special (2-23) [2x] (Night),30.0,NBA,2023-02-16 02:00:00+00:00,1.0,35,2
141520239,82314,0.0,False,False,True,False,True,NBA SUPERSat to NBA $15 Return From Break Special (2-23) [2x] (Night),30.0,NBA,2023-02-16 02:00:00+00:00,0.25,142,6
141520238,82314,0.0,False,False,True,False,True,NBA SUPERSat to NBA $15 Return From Break Special (2-23) [2x] (Night),30.0,NBA,2023-02-16 02:00:00+00:00,0.1,356,26
141520237,82314,2.0,False,False,True,False,True,NBA Satellite to NBA $15 Return From Break Special (2-23) (Night),15.0,NBA,2023-02-16 02:00:00+00:00,2.0,8,0
141520236,82314,1.0,False,False,True,False,True,NBA Satellite to NBA $15 Return From Break Special (2-23) (Night),15.0,NBA,2023-02-16 02:00:00+00:00,1.0,17,2
141520235,82314,0.0,False,False,True,False,True,NBA Satellite to NBA $15 Return From Break Special (2-23) (Night),15.0,NBA,2023-02-16 02:00:00+00:00,0.25,71,4
141520232,82314,1.0,False,False,True,False,True,NBA Satellite to $60 FBWC Qualifier (Night),60.0,NBA,2023-02-16 02:00:00+00:00,1.0,71,1
141520231,82314,87.0,False,False,True,False,True,NBA Satellite to $307 FBWC Qualifier (Night),307.0,NBA,2023-02-16 02:00:00+00:00,87.0,4,0
141520230,82314,27.0,False,False,True,False,True,NBA Satellite to $140 FBWC Qualifier (Night),140.0,NBA,2023-02-16 02:00:00+00:00,27.0,6,0
141520234,82314,0.0,False,False,True,False,True,NBA Satellite to NAS 2-19 Fantasy Racing Millionaire (Night),25.0,NBA,2023-02-16 02:00:00+00:00,0.25,118,2
141520233,82314,1.0,False,False,True,False,True,NBA Satellite to NAS 2-19 Fantasy Racing Millionaire (Night),25.0,NBA,2023-02-16 02:00:00+00:00,1.0,29,0
141520248,82314,2.0,False,False,True,False,True,NBA SUPERSat to $25 Fantasy Basketball Millionaire [2x] (Night),50.0,NBA,2023-02-16 02:00:00+00:00,2.0,29,0
141520247,82314,0.0,False,False,True,False,True,NBA SUPERSat to $25 Fantasy Basketball Millionaire [2x] (Night),50.0,NBA,2023-02-16 02:00:00+00:00,0.5,118,5
141520246,82314,2.0,False,False,True,False,True,NBA Satellite to $25 Fantasy Basketball Millionaire (Night),25.0,NBA,2023-02-16 02:00:00+00:00,2.0,14,0
141520245,82314,1.0,False,False,True,False,True,NBA Satellite to $25 Fantasy Basketball Millionaire (Night),25.0,NBA,2023-02-16 02:00:00+00:00,1.0,29,1
141520244,82314,0.0,False,False,True,False,True,NBA Satellite to $25 Fantasy Basketball Millionaire (Night),25.0,NBA,2023-02-16 02:00:00+00:00,0.5,59,2
141520243,82314,0.0,False,False,True,False,True,NBA Satellite to $25 Fantasy Basketball Millionaire (Night),25.0,NBA,2023-02-16 02:00:00+00:00,0.25,118,4
141520242,82314,0.0,False,False,True,False,True,NBA Satellite to $25 Fantasy Basketball Millionaire (Night),25.0,NBA,2023-02-16 02:00:00+00:00,0.1,297,18
141520252,82314,1.0,False,False,True,False,True,NBA Satellite to TEN $20 Sunset Special (Miami) (Night),20.0,NBA,2023-02-16 02:00:00+00:00,1.0,23,2
141520251,82314,1.0,False,False,True,False,True,NBA Satellite to TEN $20 Desert Drop Shot (IW) (Night),20.0,NBA,2023-02-16 02:00:00+00:00,1.0,23,1
141520189,82314,10.0,False,False,True,False,False,NBA 10x Booster [Top 3 Win $100] (Night),300.0,NBA,2023-02-16 02:00:00+00:00,10.0,35,2
141520183,82314,5.0,False,False,True,False,False,NBA 10x Booster [Top 3 Win $50] (Night),150.0,NBA,2023-02-16 02:00:00+00:00,5.0,35,2
141520182,82314,2.0,False,False,True,False,False,NBA 10x Booster [Top 5 Win $20] (Night),100.0,NBA,2023-02-16 02:00:00+00:00,2.0,59,0
141520184,82314,50.0,False,False,True,False,False,NBA $50 Triple Up [Top 3 Win $150] (Night),450.0,NBA,2023-02-16 02:00:00+00:00,50.0,10,0
141520215,82314,25.0,False,False,True,False,False,NBA $25 Triple Up [Top 9 Win $75] (Night),675.0,NBA,2023-02-16 02:00:00+00:00,25.0,31,1
141520214,82314,10.0,False,False,True,False,False,NBA $10 Triple Up [Top 9 Win $30] (Night),270.0,NBA,2023-02-16 02:00:00+00:00,10.0,31,1
141520213,82314,5.0,False,False,True,False,False,NBA $5 Triple Up [Top 9 Win $15] (Night),135.0,NBA,2023-02-16 02:00:00+00:00,5.0,31,2
141520212,82314,5.0,False,False,True,False,False,NBA $5 Triple Up [Top 9 Win $15] (Night),135.0,NBA,2023-02-16 02:00:00+00:00,5.0,31,2
141520225,82314,1.0,False,False,True,False,False,NBA $1 Triple Up [Top 9 Win $3] (Night),27.0,NBA,2023-02-16 02:00:00+00:00,1.0,31,2
141520224,82314,1.0,False,False,True,False,False,NBA $1 Triple Up [Top 9 Win $3] (Night),27.0,NBA,2023-02-16 02:00:00+00:00,1.0,31,2
141520211,82314,1.0,False,False,True,False,False,NBA $1 Triple Up [Top 9 Win $3] (Night),27.0,NBA,2023-02-16 02:00:00+00:00,1.0,31,2
141520205,82314,3.0,True,False,True,False,False,Casual NBA $3 Double Up (Night),60.0,NBA,2023-02-16 02:00:00+00:00,3.0,23,1
141520181,82314,3.0,True,False,True,False,False,Beginner NBA $3 Double Up (Night),60.0,NBA,2023-02-16 02:00:00+00:00,3.0,23,0
141520180,82314,1.0,True,False,True,False,False,Beginner NBA $1 Double Up (Night),20.0,NBA,2023-02-16 02:00:00+00:00,1.0,23,0
141520222,82314,1.0,True,False,True,False,False,Beginner NBA $1 Double Up (Night),34.0,NBA,2023-02-16 02:00:00+00:00,1.0,39,4
141520206,82314,1.0,True,False,True,False,False,Casual NBA $1 Double Up (Night),34.0,NBA,2023-02-16 02:00:00+00:00,1.0,39,0
141520223,82314,250.0,True,False,True,False,False,NBA $250 Double Up (Night),2500.0,NBA,2023-02-16 02:00:00+00:00,250.0,11,1
141520227,82314,100.0,True,False,True,False,False,NBA $100 Double Up (Night),1000.0,NBA,2023-02-16 02:00:00+00:00,100.0,11,1
141520179,82314,100.0,True,False,True,False,False,NBA $100 Double Up (Night),1000.0,NBA,2023-02-16 02:00:00+00:00,100.0,11,1
141520228,82314,50.0,True,False,True,False,False,NBA $50 Double Up (Night),1000.0,NBA,2023-02-16 02:00:00+00:00,50.0,22,2
141520178,82314,50.0,True,False,True,False,False,NBA $50 Double Up (Night),500.0,NBA,2023-02-16 02:00:00+00:00,50.0,11,1
141520177,82314,50.0,True,False,True,False,False,NBA $50 Double Up (Night),500.0,NBA,2023-02-16 02:00:00+00:00,50.0,11,1
141520229,82314,50.0,True,False,True,False,False,NBA $50 Double Up (Night),500.0,NBA,2023-02-16 02:00:00+00:00,50.0,11,1
141520190,82314,25.0,True,False,True,False,False,NBA $25 Double Up (Night),500.0,NBA,2023-02-16 02:00:00+00:00,25.0,22,2
141520221,82314,25.0,True,False,True,False,False,NBA $25 Double Up (Night),250.0,NBA,2023-02-16 02:00:00+00:00,25.0,11,1
141520210,82314,25.0,True,False,True,False,False,NBA $25 Double Up (Night),250.0,NBA,2023-02-16 02:00:00+00:00,25.0,11,1
141520176,82314,10.0,True,False,True,False,False,NBA $10 Double Up (Night),200.0,NBA,2023-02-16 02:00:00+00:00,10.0,23,1
141520220,82314,10.0,True,False,True,False,False,NBA $10 Double Up (Night),100.0,NBA,2023-02-16 02:00:00+00:00,10.0,11,2
141520204,82314,10.0,True,False,True,False,False,NBA $10 Double Up (Night),100.0,NBA,2023-02-16 02:00:00+00:00,10.0,11,2
141520203,82314,10.0,True,False,True,False,False,NBA $10 Double Up (Night),100.0,NBA,2023-02-16 02:00:00+00:00,10.0,11,2
141520202,82314,10.0,True,False,True,False,False,NBA $10 Double Up (Night),100.0,NBA,2023-02-16 02:00:00+00:00,10.0,11,2
141520201,82314,10.0,True,False,True,False,False,NBA $10 Double Up (Night),100.0,NBA,2023-02-16 02:00:00+00:00,10.0,11,2
141520209,82314,5.0,True,False,True,False,False,NBA $5 Double Up (Night),170.0,NBA,2023-02-16 02:00:00+00:00,5.0,39,2
141520219,82314,5.0,True,False,True,False,False,NBA $5 Double Up (Night),100.0,NBA,2023-02-16 02:00:00+00:00,5.0,23,2
141520200,82314,5.0,True,False,True,False,False,NBA $5 Double Up (Night),100.0,NBA,2023-02-16 02:00:00+00:00,5.0,23,2
141520199,82314,5.0,True,False,True,False,False,NBA $5 Double Up (Night),100.0,NBA,2023-02-16 02:00:00+00:00,5.0,23,2
141520218,82314,3.0,True,False,True,False,False,NBA $3 Double Up (Night),60.0,NBA,2023-02-16 02:00:00+00:00,3.0,23,0
141520198,82314,3.0,True,False,True,False,False,NBA $3 Double Up (Night),60.0,NBA,2023-02-16 02:00:00+00:00,3.0,23,0
141520197,82314,3.0,True,False,True,False,False,NBA $3 Double Up (Night),60.0,NBA,2023-02-16 02:00:00+00:00,3.0,23,0
141520188,82314,3.0,True,False,True,False,False,NBA $3 Double Up (Night),60.0,NBA,2023-02-16 02:00:00+00:00,3.0,23,0
141520187,82314,3.0,True,False,True,False,False,NBA $3 Double Up (Night),60.0,NBA,2023-02-16 02:00:00+00:00,3.0,23,0
141520186,82314,3.0,True,False,True,False,False,NBA $3 Double Up (Night),60.0,NBA,2023-02-16 02:00:00+00:00,3.0,23,0
141520185,82314,3.0,True,False,True,False,False,NBA $3 Double Up (Night),60.0,NBA,2023-02-16 02:00:00+00:00,3.0,23,0
141520208,82314,1.0,True,False,True,False,False,NBA $1 Double Up (Night),34.0,NBA,2023-02-16 02:00:00+00:00,1.0,39,3
141520207,82314,1.0,True,False,True,False,False,NBA $1 Double Up (Night),34.0,NBA,2023-02-16 02:00:00+00:00,1.0,39,2
141520226,82314,1.0,True,False,True,False,False,NBA $1 Double Up (Night),20.0,NBA,2023-02-16 02:00:00+00:00,1.0,23,3
141520217,82314,1.0,True,False,True,False,False,NBA $1 Double Up (Night),20.0,NBA,2023-02-16 02:00:00+00:00,1.0,23,1
141520216,82314,1.0,True,False,True,False,False,NBA $1 Double Up (Night),20.0,NBA,2023-02-16 02:00:00+00:00,1.0,23,1
141520196,82314,1.0,True,False,True,False,False,NBA $1 Double Up (Night),20.0,NBA,2023-02-16 02:00:00+00:00,1.0,23,1
141520195,82314,1.0,True,False,True,False,False,NBA $1 Double Up (Night),20.0,NBA,2023-02-16 02:00:00+00:00,1.0,23,1
141520194,82314,1.0,True,False,True,False,False,NBA $1 Double Up (Night),20.0,NBA,2023-02-16 02:00:00+00:00,1.0,23,1
141520193,82314,1.0,True,False,True,False,False,NBA $1 Double Up (Night),20.0,NBA,2023-02-16 02:00:00+00:00,1.0,23,1
141520192,82314,1.0,True,False,True,False,False,NBA $1 Double Up (Night),20.0,NBA,2023-02-16 02:00:00+00:00,1.0,23,1
141520191,82314,1.0,True,False,True,False,False,NBA $1 Double Up (Night),20.0,NBA,2023-02-16 02:00:00+00:00,1.0,23,1
141520390,82315,25.0,False,False,True,False,False,NBA Tiers $25 Triple Up [Top 3 Win $75] (Night Tiers),225.0,NBA,2023-02-16 02:00:00+00:00,25.0,10,1
141520389,82315,10.0,False,False,True,False,False,NBA Tiers $10 Triple Up [Top 3 Win $30] (Night Tiers),90.0,NBA,2023-02-16 02:00:00+00:00,10.0,10,1
141520386,82315,5.0,False,False,True,False,False,NBA Tiers $5 Triple Up [Top 3 Win $15] (Night Tiers),45.0,NBA,2023-02-16 02:00:00+00:00,5.0,10,1
141520385,82315,5.0,False,False,True,False,False,NBA Tiers $5 Triple Up [Top 3 Win $15] (Night Tiers),45.0,NBA,2023-02-16 02:00:00+00:00,5.0,10,1
141520388,82315,1.0,False,False,True,False,False,NBA Tiers $1 Triple Up [Top 6 Win $3] (Night Tiers),18.0,NBA,2023-02-16 02:00:00+00:00,1.0,20,2
141520387,82315,1.0,False,False,True,False,False,NBA Tiers $1 Triple Up [Top 6 Win $3] (Night Tiers),18.0,NBA,2023-02-16 02:00:00+00:00,1.0,20,1
141520401,82315,50.0,True,False,True,False,False,NBA Tiers $50 Double Up (Night Tiers),500.0,NBA,2023-02-16 02:00:00+00:00,50.0,11,1
141520400,82315,25.0,True,False,True,False,False,NBA Tiers $25 Double Up (Night Tiers),250.0,NBA,2023-02-16 02:00:00+00:00,25.0,11,1
141520399,82315,10.0,True,False,True,False,False,NBA Tiers $10 Double Up (Night Tiers),200.0,NBA,2023-02-16 02:00:00+00:00,10.0,23,1
141520398,82315,5.0,True,False,True,False,False,NBA Tiers $5 Double Up (Night Tiers),100.0,NBA,2023-02-16 02:00:00+00:00,5.0,23,1
141520397,82315,5.0,True,False,True,False,False,NBA Tiers $5 Double Up (Night Tiers),100.0,NBA,2023-02-16 02:00:00+00:00,5.0,23,1
141520396,82315,3.0,True,False,True,False,False,NBA Tiers $3 Double Up (Night Tiers),60.0,NBA,2023-02-16 02:00:00+00:00,3.0,23,1
141520395,82315,3.0,True,False,True,False,False,NBA Tiers $3 Double Up (Night Tiers),60.0,NBA,2023-02-16 02:00:00+00:00,3.0,23,2
141520394,82315,1.0,True,False,True,False,False,NBA Tiers $1 Double Up (Night Tiers),20.0,NBA,2023-02-16 02:00:00+00:00,1.0,23,6
141520393,82315,1.0,True,False,True,False,False,NBA Tiers $1 Double Up (Night Tiers),20.0,NBA,2023-02-16 02:00:00+00:00,1.0,23,3
141520392,82315,1.0,True,False,True,False,False,NBA Tiers $1 Double Up (Night Tiers),20.0,NBA,2023-02-16 02:00:00+00:00,1.0,23,3
141520391,82315,1.0,True,False,True,False,False,NBA Tiers $1 Double Up (Night Tiers),20.0,NBA,2023-02-16 02:00:00+00:00,1.0,23,3
141520320,82316,2.0,False,False,True,False,True,NBA Showdown SUPERSat to NBA $15 Return From Break Special (2-23) [2x] (NOP vs LAL),30.0,NBA,2023-02-16 03:00:00+00:00,2.0,17,0
141520319,82316,1.0,False,False,True,False,True,NBA Showdown SUPERSat to NBA $15 Return From Break Special (2-23) [2x] (NOP vs LAL),30.0,NBA,2023-02-16 03:00:00+00:00,1.0,35,3
141520318,82316,0.0,False,False,True,False,True,NBA Showdown SUPERSat to NBA $15 Return From Break Special (2-23) [2x] (NOP vs LAL),30.0,NBA,2023-02-16 03:00:00+00:00,0.25,142,5
141520317,82316,0.0,False,False,True,False,True,NBA Showdown SUPERSat to NBA $15 Return From Break Special (2-23) [2x] (NOP vs LAL),30.0,NBA,2023-02-16 03:00:00+00:00,0.1,356,29
141520316,82316,2.0,False,False,True,False,True,NBA Showdown Satellite to NBA $15 Return From Break Special (2-23) (NOP vs LAL),15.0,NBA,2023-02-16 03:00:00+00:00,2.0,8,0
141520315,82316,1.0,False,False,True,False,True,NBA Showdown Satellite to NBA $15 Return From Break Special (2-23) (NOP vs LAL),15.0,NBA,2023-02-16 03:00:00+00:00,1.0,17,2
141520314,82316,0.0,False,False,True,False,True,NBA Showdown Satellite to NBA $15 Return From Break Special (2-23) (NOP vs LAL),15.0,NBA,2023-02-16 03:00:00+00:00,0.25,71,3
141520311,82316,1.0,False,False,True,False,True,NBA Showdown Satellite to $60 FBWC Qualifier (NOP vs LAL),60.0,NBA,2023-02-16 03:00:00+00:00,1.0,71,0
141520310,82316,87.0,False,False,True,False,True,NBA Showdown Satellite to $307 FBWC Qualifier (NOP vs LAL),307.0,NBA,2023-02-16 03:00:00+00:00,87.0,4,0
141520309,82316,27.0,False,False,True,False,True,NBA Showdown Satellite to $140 FBWC Qualifier (NOP vs LAL),140.0,NBA,2023-02-16 03:00:00+00:00,27.0,6,0
141520313,82316,0.0,False,False,True,False,True,NBA Showdown Satellite to NAS 2-19 Fantasy Racing Millionaire (NOP vs LAL),25.0,NBA,2023-02-16 03:00:00+00:00,0.25,118,4
141520312,82316,1.0,False,False,True,False,True,NBA Showdown Satellite to NAS 2-19 Fantasy Racing Millionaire (NOP vs LAL),25.0,NBA,2023-02-16 03:00:00+00:00,1.0,29,0
141520327,82316,2.0,False,False,True,False,True,NBA Showdown SUPERSat to $25 Fantasy Basketball Millionaire [2x] (NOP vs LAL),50.0,NBA,2023-02-16 03:00:00+00:00,2.0,29,0
141520326,82316,0.0,False,False,True,False,True,NBA Showdown SUPERSat to $25 Fantasy Basketball Millionaire [2x] (NOP vs LAL),50.0,NBA,2023-02-16 03:00:00+00:00,0.5,118,4
141520325,82316,2.0,False,False,True,False,True,NBA Showdown Satellite to $25 Fantasy Basketball Millionaire (NOP vs LAL),25.0,NBA,2023-02-16 03:00:00+00:00,2.0,14,0
141520324,82316,1.0,False,False,True,False,True,NBA Showdown Satellite to $25 Fantasy Basketball Millionaire (NOP vs LAL),25.0,NBA,2023-02-16 03:00:00+00:00,1.0,29,1
141520323,82316,0.0,False,False,True,False,True,NBA Showdown Satellite to $25 Fantasy Basketball Millionaire (NOP vs LAL),25.0,NBA,2023-02-16 03:00:00+00:00,0.5,59,1
141520322,82316,0.0,False,False,True,False,True,NBA Showdown Satellite to $25 Fantasy Basketball Millionaire (NOP vs LAL),25.0,NBA,2023-02-16 03:00:00+00:00,0.25,118,5
141520321,82316,0.0,False,False,True,False,True,NBA Showdown Satellite to $25 Fantasy Basketball Millionaire (NOP vs LAL),25.0,NBA,2023-02-16 03:00:00+00:00,0.1,297,22
141520331,82316,1.0,False,False,True,False,True,NBA Showdown Satellite to TEN $20 Sunset Special (Miami) (NOP vs LAL),20.0,NBA,2023-02-16 03:00:00+00:00,1.0,23,1
141520330,82316,1.0,False,False,True,False,True,NBA Showdown Satellite to TEN $20 Desert Drop Shot (IW) (NOP vs LAL),20.0,NBA,2023-02-16 03:00:00+00:00,1.0,23,2
141520268,82316,10.0,False,False,True,False,False,NBA Showdown 10x Booster [Top 3 Win $100] (NOP vs LAL),300.0,NBA,2023-02-16 03:00:00+00:00,10.0,35,0
141520262,82316,5.0,False,False,True,False,False,NBA Showdown 10x Booster [Top 3 Win $50] (NOP vs LAL),150.0,NBA,2023-02-16 03:00:00+00:00,5.0,35,1
141520261,82316,2.0,False,False,True,False,False,NBA Showdown 10x Booster [Top 5 Win $20] (NOP vs LAL),100.0,NBA,2023-02-16 03:00:00+00:00,2.0,59,1
141520263,82316,50.0,False,False,True,False,False,NBA Showdown $50 Triple Up [Top 3 Win $150] (NOP vs LAL),450.0,NBA,2023-02-16 03:00:00+00:00,50.0,10,0
141520294,82316,25.0,False,False,True,False,False,NBA Showdown $25 Triple Up [Top 9 Win $75] (NOP vs LAL),675.0,NBA,2023-02-16 03:00:00+00:00,25.0,31,1
141520293,82316,10.0,False,False,True,False,False,NBA Showdown $10 Triple Up [Top 9 Win $30] (NOP vs LAL),270.0,NBA,2023-02-16 03:00:00+00:00,10.0,31,1
141520292,82316,5.0,False,False,True,False,False,NBA Showdown $5 Triple Up [Top 9 Win $15] (NOP vs LAL),135.0,NBA,2023-02-16 03:00:00+00:00,5.0,31,2
141520291,82316,5.0,False,False,True,False,False,NBA Showdown $5 Triple Up [Top 9 Win $15] (NOP vs LAL),135.0,NBA,2023-02-16 03:00:00+00:00,5.0,31,2
141520304,82316,1.0,False,False,True,False,False,NBA Showdown $1 Triple Up [Top 9 Win $3] (NOP vs LAL),27.0,NBA,2023-02-16 03:00:00+00:00,1.0,31,6
141520303,82316,1.0,False,False,True,False,False,NBA Showdown $1 Triple Up [Top 9 Win $3] (NOP vs LAL),27.0,NBA,2023-02-16 03:00:00+00:00,1.0,31,4
141520290,82316,1.0,False,False,True,False,False,NBA Showdown $1 Triple Up [Top 9 Win $3] (NOP vs LAL),27.0,NBA,2023-02-16 03:00:00+00:00,1.0,31,5
141520284,82316,3.0,True,False,True,False,False,Casual NBA Showdown $3 Double Up (NOP vs LAL),60.0,NBA,2023-02-16 03:00:00+00:00,3.0,23,0
141520260,82316,3.0,True,False,True,False,False,Beginner NBA Showdown $3 Double Up (NOP vs LAL),60.0,NBA,2023-02-16 03:00:00+00:00,3.0,23,0
141520259,82316,1.0,True,False,True,False,False,Beginner NBA Showdown $1 Double Up (NOP vs LAL),20.0,NBA,2023-02-16 03:00:00+00:00,1.0,23,0
141520301,82316,1.0,True,False,True,False,False,Beginner NBA Showdown $1 Double Up (NOP vs LAL),34.0,NBA,2023-02-16 03:00:00+00:00,1.0,39,0
141520285,82316,1.0,True,False,True,False,False,Casual NBA Showdown $1 Double Up (NOP vs LAL),34.0,NBA,2023-02-16 03:00:00+00:00,1.0,39,0
141520302,82316,250.0,True,False,True,False,False,NBA Showdown $250 Double Up (NOP vs LAL),2500.0,NBA,2023-02-16 03:00:00+00:00,250.0,11,1
141520306,82316,100.0,True,False,True,False,False,NBA Showdown $100 Double Up (NOP vs LAL),1000.0,NBA,2023-02-16 03:00:00+00:00,100.0,11,1
141520258,82316,100.0,True,False,True,False,False,NBA Showdown $100 Double Up (NOP vs LAL),1000.0,NBA,2023-02-16 03:00:00+00:00,100.0,11,1
141520307,82316,50.0,True,False,True,False,False,NBA Showdown $50 Double Up (NOP vs LAL),1000.0,NBA,2023-02-16 03:00:00+00:00,50.0,22,3
141520257,82316,50.0,True,False,True,False,False,NBA Showdown $50 Double Up (NOP vs LAL),500.0,NBA,2023-02-16 03:00:00+00:00,50.0,11,1
141520256,82316,50.0,True,False,True,False,False,NBA Showdown $50 Double Up (NOP vs LAL),500.0,NBA,2023-02-16 03:00:00+00:00,50.0,11,1
141520308,82316,50.0,True,False,True,False,False,NBA Showdown $50 Double Up (NOP vs LAL),500.0,NBA,2023-02-16 03:00:00+00:00,50.0,11,1
141520269,82316,25.0,True,False,True,False,False,NBA Showdown $25 Double Up (NOP vs LAL),500.0,NBA,2023-02-16 03:00:00+00:00,25.0,22,3
141520300,82316,25.0,True,False,True,False,False,NBA Showdown $25 Double Up (NOP vs LAL),250.0,NBA,2023-02-16 03:00:00+00:00,25.0,11,3
141520289,82316,25.0,True,False,True,False,False,NBA Showdown $25 Double Up (NOP vs LAL),250.0,NBA,2023-02-16 03:00:00+00:00,25.0,11,1
141520255,82316,10.0,True,False,True,False,False,NBA Showdown $10 Double Up (NOP vs LAL),200.0,NBA,2023-02-16 03:00:00+00:00,10.0,23,2
141520299,82316,10.0,True,False,True,False,False,NBA Showdown $10 Double Up (NOP vs LAL),100.0,NBA,2023-02-16 03:00:00+00:00,10.0,11,3
141520283,82316,10.0,True,False,True,False,False,NBA Showdown $10 Double Up (NOP vs LAL),100.0,NBA,2023-02-16 03:00:00+00:00,10.0,11,3
141520282,82316,10.0,True,False,True,False,False,NBA Showdown $10 Double Up (NOP vs LAL),100.0,NBA,2023-02-16 03:00:00+00:00,10.0,11,3
141520281,82316,10.0,True,False,True,False,False,NBA Showdown $10 Double Up (NOP vs LAL),100.0,NBA,2023-02-16 03:00:00+00:00,10.0,11,3
141520280,82316,10.0,True,False,True,False,False,NBA Showdown $10 Double Up (NOP vs LAL),100.0,NBA,2023-02-16 03:00:00+00:00,10.0,11,3
141520288,82316,5.0,True,False,True,False,False,NBA Showdown $5 Double Up (NOP vs LAL),170.0,NBA,2023-02-16 03:00:00+00:00,5.0,39,3
141520298,82316,5.0,True,False,True,False,False,NBA Showdown $5 Double Up (NOP vs LAL),100.0,NBA,2023-02-16 03:00:00+00:00,5.0,23,3
141520279,82316,5.0,True,False,True,False,False,NBA Showdown $5 Double Up (NOP vs LAL),100.0,NBA,2023-02-16 03:00:00+00:00,5.0,23,3
141520278,82316,5.0,True,False,True,False,False,NBA Showdown $5 Double Up (NOP vs LAL),100.0,NBA,2023-02-16 03:00:00+00:00,5.0,23,3
141520297,82316,3.0,True,False,True,False,False,NBA Showdown $3 Double Up (NOP vs LAL),60.0,NBA,2023-02-16 03:00:00+00:00,3.0,23,3
141520277,82316,3.0,True,False,True,False,False,NBA Showdown $3 Double Up (NOP vs LAL),60.0,NBA,2023-02-16 03:00:00+00:00,3.0,23,3
141520276,82316,3.0,True,False,True,False,False,NBA Showdown $3 Double Up (NOP vs LAL),60.0,NBA,2023-02-16 03:00:00+00:00,3.0,23,2
141520267,82316,3.0,True,False,True,False,False,NBA Showdown $3 Double Up (NOP vs LAL),60.0,NBA,2023-02-16 03:00:00+00:00,3.0,23,1
141520266,82316,3.0,True,False,True,False,False,NBA Showdown $3 Double Up (NOP vs LAL),60.0,NBA,2023-02-16 03:00:00+00:00,3.0,23,1
141520265,82316,3.0,True,False,True,False,False,NBA Showdown $3 Double Up (NOP vs LAL),60.0,NBA,2023-02-16 03:00:00+00:00,3.0,23,1
141520264,82316,3.0,True,False,True,False,False,NBA Showdown $3 Double Up (NOP vs LAL),60.0,NBA,2023-02-16 03:00:00+00:00,3.0,23,1
141520287,82316,1.0,True,False,True,False,False,NBA Showdown $1 Double Up (NOP vs LAL),34.0,NBA,2023-02-16 03:00:00+00:00,1.0,39,13
141520286,82316,1.0,True,False,True,False,False,NBA Showdown $1 Double Up (NOP vs LAL),34.0,NBA,2023-02-16 03:00:00+00:00,1.0,39,7
141520305,82316,1.0,True,False,True,False,False,NBA Showdown $1 Double Up (NOP vs LAL),20.0,NBA,2023-02-16 03:00:00+00:00,1.0,23,3
141520296,82316,1.0,True,False,True,False,False,NBA Showdown $1 Double Up (NOP vs LAL),20.0,NBA,2023-02-16 03:00:00+00:00,1.0,23,3
141520295,82316,1.0,True,False,True,False,False,NBA Showdown $1 Double Up (NOP vs LAL),20.0,NBA,2023-02-16 03:00:00+00:00,1.0,23,2
141520275,82316,1.0,True,False,True,False,False,NBA Showdown $1 Double Up (NOP vs LAL),20.0,NBA,2023-02-16 03:00:00+00:00,1.0,23,2
141520274,82316,1.0,True,False,True,False,False,NBA Showdown $1 Double Up (NOP vs LAL),20.0,NBA,2023-02-16 03:00:00+00:00,1.0,23,2
141520273,82316,1.0,True,False,True,False,False,NBA Showdown $1 Double Up (NOP vs LAL),20.0,NBA,2023-02-16 03:00:00+00:00,1.0,23,4
141520272,82316,1.0,True,False,True,False,False,NBA Showdown $1 Double Up (NOP vs LAL),20.0,NBA,2023-02-16 03:00:00+00:00,1.0,23,2
141520271,82316,1.0,True,False,True,False,False,NBA Showdown $1 Double Up (NOP vs LAL),20.0,NBA,2023-02-16 03:00:00+00:00,1.0,23,2
141520270,82316,1.0,True,False,True,False,False,NBA Showdown $1 Double Up (NOP vs LAL),20.0,NBA,2023-02-16 03:00:00+00:00,1.0,23,2
141520164,82318,0.0,False,False,True,False,True,NBA In-Game SUPERSat to NBA $15 Return From Break Special (2-23) [2x] (2H NOP vs LAL),30.0,NBA,2023-02-16 04:00:00+00:00,0.25,142,0
141520163,82318,1.0,False,False,True,False,True,NBA In-Game Satellite to NBA $15 Return From Break Special (2-23) (2H NOP vs LAL),15.0,NBA,2023-02-16 04:00:00+00:00,1.0,17,0
141520162,82318,0.0,False,False,True,False,True,NBA In-Game Satellite to NBA $15 Return From Break Special (2-23) (2H NOP vs LAL),15.0,NBA,2023-02-16 04:00:00+00:00,0.25,71,0
141520168,82318,1.0,False,False,True,False,True,NBA In-Game Satellite to $25 Fantasy Basketball Millionaire (2H NOP vs LAL),25.0,NBA,2023-02-16 04:00:00+00:00,1.0,29,0
141520167,82318,0.0,False,False,True,False,True,NBA In-Game Satellite to $25 Fantasy Basketball Millionaire (2H NOP vs LAL),25.0,NBA,2023-02-16 04:00:00+00:00,0.5,59,0
141520166,82318,0.0,False,False,True,False,True,NBA In-Game Satellite to $25 Fantasy Basketball Millionaire (2H NOP vs LAL),25.0,NBA,2023-02-16 04:00:00+00:00,0.25,118,0
141520165,82318,0.0,False,False,True,False,True,NBA In-Game Satellite to $25 Fantasy Basketball Millionaire (2H NOP vs LAL),25.0,NBA,2023-02-16 04:00:00+00:00,0.1,297,3
141520156,82318,25.0,True,False,True,False,False,NBA In-Game $25 Double Up (2H NOP vs LAL),250.0,NBA,2023-02-16 04:00:00+00:00,25.0,11,0
141520157,82318,10.0,True,False,True,False,False,NBA In-Game $10 Double Up (2H NOP vs LAL),100.0,NBA,2023-02-16 04:00:00+00:00,10.0,11,0
141520159,82318,5.0,True,False,True,False,False,NBA In-Game $5 Double Up (2H NOP vs LAL),100.0,NBA,2023-02-16 04:00:00+00:00,5.0,23,0
141520158,82318,5.0,True,False,True,False,False,NBA In-Game $5 Double Up (2H NOP vs LAL),100.0,NBA,2023-02-16 04:00:00+00:00,5.0,23,0
141520161,82318,3.0,True,False,True,False,False,NBA In-Game $3 Double Up (2H NOP vs LAL),60.0,NBA,2023-02-16 04:00:00+00:00,3.0,23,0
141520160,82318,3.0,True,False,True,False,False,NBA In-Game $3 Double Up (2H NOP vs LAL),60.0,NBA,2023-02-16 04:00:00+00:00,3.0,23,0
141520153,82318,1.0,True,False,True,False,False,NBA In-Game $1 Double Up (2H NOP vs LAL),20.0,NBA,2023-02-16 04:00:00+00:00,1.0,23,0
141520152,82318,1.0,True,False,True,False,False,NBA In-Game $1 Double Up (2H NOP vs LAL),20.0,NBA,2023-02-16 04:00:00+00:00,1.0,23,0
141520151,82318,1.0,True,False,True,False,False,NBA In-Game $1 Double Up (2H NOP vs LAL),20.0,NBA,2023-02-16 04:00:00+00:00,1.0,23,0
141520141,82319,10.0,True,False,True,False,False,NBA In-Game $10 Double Up (4Q NOP vs LAL),200.0,NBA,2023-02-16 04:20:00+00:00,10.0,23,0
141520140,82319,5.0,True,False,True,False,False,NBA In-Game $5 Double Up (4Q NOP vs LAL),100.0,NBA,2023-02-16 04:20:00+00:00,5.0,23,0
141520146,82319,3.0,True,False,True,False,False,NBA In-Game $3 Double Up (4Q NOP vs LAL),60.0,NBA,2023-02-16 04:20:00+00:00,3.0,23,0
141520145,82319,3.0,True,False,True,False,False,NBA In-Game $3 Double Up (4Q NOP vs LAL),60.0,NBA,2023-02-16 04:20:00+00:00,3.0,23,0
141520144,82319,1.0,True,False,True,False,False,NBA In-Game $1 Double Up (4Q NOP vs LAL),20.0,NBA,2023-02-16 04:20:00+00:00,1.0,23,0
141520143,82319,1.0,True,False,True,False,False,NBA In-Game $1 Double Up (4Q NOP vs LAL),20.0,NBA,2023-02-16 04:20:00+00:00,1.0,23,0
141518934,82306,8.0,False,False,False,False,True,NBA Satellite to NAS 2-19 Fantasy Racing Millionaire [Must Fill],36.0,NBA,2023-02-16 00:00:00+00:00,8.0,5,1
141518920,82306,2.0,False,False,False,False,False,Casual NBA $2 3-Player,5.4,NBA,2023-02-16 00:00:00+00:00,2.0,3,1
141518914,82306,1.0,True,False,False,False,False,Casual NBA $1 50-50,9.0,NBA,2023-02-16 00:00:00+00:00,1.0,10,1
141518913,82306,3.0,True,False,False,False,False,Casual NBA $3 50-50,10.8,NBA,2023-02-16 00:00:00+00:00,3.0,4,1
141518847,82306,10600.0,False,False,False,False,False,"NBA $10,600 3-Player",30000.0,NBA,2023-02-16 00:00:00+00:00,10600.0,3,2
141523989,82306,10600.0,False,False,False,False,False,"NBA $10,600 3-Player",30000.0,NBA,2023-02-16 00:00:00+00:00,10600.0,3,2
141524075,82306,10600.0,False,False,False,False,False,"NBA $10,600 3-Player",30000.0,NBA,2023-02-16 00:00:00+00:00,10600.0,3,1
141518803,82306,5300.0,False,False,False,False,False,"NBA $5,300 4-Player (Winner Takes All)",20000.0,NBA,2023-02-16 00:00:00+00:00,5300.0,4,1
141518828,82306,5300.0,False,False,False,False,False,"NBA $5,300 3-Player",15000.0,NBA,2023-02-16 00:00:00+00:00,5300.0,3,2
141523988,82306,5300.0,False,False,False,False,False,"NBA $5,300 3-Player",15000.0,NBA,2023-02-16 00:00:00+00:00,5300.0,3,2
141524074,82306,5300.0,False,False,False,False,False,"NBA $5,300 3-Player",15000.0,NBA,2023-02-16 00:00:00+00:00,5300.0,3,1
141518907,82306,2120.0,True,False,False,False,False,"NBA $2,120 50-50",8000.0,NBA,2023-02-16 00:00:00+00:00,2120.0,4,1
141518904,82306,2120.0,False,False,False,False,False,"NBA $2,120 5-Player",10000.0,NBA,2023-02-16 00:00:00+00:00,2120.0,5,1
141518905,82306,2120.0,False,False,False,False,False,"NBA $2,120 5-Player",10000.0,NBA,2023-02-16 00:00:00+00:00,2120.0,5,1
141518902,82306,2120.0,False,False,False,False,False,"NBA $2,120 3-Player",6000.0,NBA,2023-02-16 00:00:00+00:00,2120.0,3,2
141518903,82306,2120.0,False,False,False,False,False,"NBA $2,120 3-Player",6000.0,NBA,2023-02-16 00:00:00+00:00,2120.0,3,2
141523990,82306,2120.0,False,False,False,False,False,"NBA $2,120 3-Player",6000.0,NBA,2023-02-16 00:00:00+00:00,2120.0,3,1
141523997,82306,2120.0,False,False,False,False,False,"NBA $2,120 3-Player",6000.0,NBA,2023-02-16 00:00:00+00:00,2120.0,3,1
141518808,82306,1060.0,True,False,False,False,False,"NBA $1,060 50-50",4000.0,NBA,2023-02-16 00:00:00+00:00,1060.0,4,1
141518806,82306,1060.0,False,False,False,False,False,"NBA $1,060 3-Player",3000.0,NBA,2023-02-16 00:00:00+00:00,1060.0,3,2
141523987,82306,1060.0,False,False,False,False,False,"NBA $1,060 3-Player",3000.0,NBA,2023-02-16 00:00:00+00:00,1060.0,3,2
141524073,82306,1060.0,False,False,False,False,False,"NBA $1,060 3-Player",3000.0,NBA,2023-02-16 00:00:00+00:00,1060.0,3,1
141518760,82306,530.0,False,False,False,False,False,NBA $530 3-Player,1500.0,NBA,2023-02-16 00:00:00+00:00,530.0,3,2
141523986,82306,530.0,False,False,False,False,False,NBA $530 3-Player,1500.0,NBA,2023-02-16 00:00:00+00:00,530.0,3,2
141518845,82306,162.0,False,False,False,False,False,NBA $162 3-Player,450.0,NBA,2023-02-16 00:00:00+00:00,162.0,3,2
141518846,82306,162.0,False,False,False,False,False,NBA $162 3-Player,450.0,NBA,2023-02-16 00:00:00+00:00,162.0,3,2
141518761,82306,109.0,False,False,False,False,False,NBA $109 3-Player,300.0,NBA,2023-02-16 00:00:00+00:00,109.0,3,2
141518762,82306,109.0,False,False,False,False,False,NBA $109 3-Player,300.0,NBA,2023-02-16 00:00:00+00:00,109.0,3,2
141518763,82306,109.0,False,False,False,False,False,NBA $109 3-Player,300.0,NBA,2023-02-16 00:00:00+00:00,109.0,3,2
141518799,82306,50.0,False,False,False,False,False,NBA $50 3-Player,135.0,NBA,2023-02-16 00:00:00+00:00,50.0,3,1
141518800,82306,50.0,False,False,False,False,False,NBA $50 3-Player,135.0,NBA,2023-02-16 00:00:00+00:00,50.0,3,1
141518757,82306,20.0,False,False,False,False,False,NBA $20 3-Player,54.0,NBA,2023-02-16 00:00:00+00:00,20.0,3,1
141518758,82306,20.0,False,False,False,False,False,NBA $20 3-Player,54.0,NBA,2023-02-16 00:00:00+00:00,20.0,3,1
141518759,82306,20.0,False,False,False,False,False,NBA $20 3-Player,54.0,NBA,2023-02-16 00:00:00+00:00,20.0,3,1
141518754,82306,10.0,False,False,False,False,False,NBA $10 3-Player,27.0,NBA,2023-02-16 00:00:00+00:00,10.0,3,1
141518755,82306,10.0,False,False,False,False,False,NBA $10 3-Player,27.0,NBA,2023-02-16 00:00:00+00:00,10.0,3,1
141518756,82306,10.0,False,False,False,False,False,NBA $10 3-Player,27.0,NBA,2023-02-16 00:00:00+00:00,10.0,3,1
141536834,82306,10.0,False,False,False,False,False,NBA $10 3-Player (Winner Takes All),27.0,NBA,2023-02-16 00:00:00+00:00,10.0,3,1
141535166,82306,5.0,False,False,False,False,False,NBA $5 13-Player (Winner Takes All),58.5,NBA,2023-02-16 00:00:00+00:00,5.0,13,1
141518751,82306,5.0,False,False,False,False,False,NBA $5 3-Player,13.5,NBA,2023-02-16 00:00:00+00:00,5.0,3,1
141518752,82306,5.0,False,False,False,False,False,NBA $5 3-Player,13.5,NBA,2023-02-16 00:00:00+00:00,5.0,3,1
141518753,82306,5.0,False,False,False,False,False,NBA $5 3-Player,13.5,NBA,2023-02-16 00:00:00+00:00,5.0,3,1
141528852,82306,2.0,False,False,False,False,False,NBA $2 15-Player (Winner Takes All),27.0,NBA,2023-02-16 00:00:00+00:00,2.0,15,1
141533097,82306,2.0,False,False,False,False,False,NBA $2 10-Player (Top 3 Win),18.0,NBA,2023-02-16 00:00:00+00:00,2.0,10,1
141518817,82306,1.0,True,False,False,False,False,NBA $1 50-50,45.0,NBA,2023-02-16 00:00:00+00:00,1.0,50,2
141533266,82306,1.0,False,False,False,False,False,NBA $1 25-Player (Top 3 Win),22.5,NBA,2023-02-16 00:00:00+00:00,1.0,25,2
141517622,82306,1.0,False,False,False,False,False,NBA $1 25-Player (Top 5 Win),22.5,NBA,2023-02-16 00:00:00+00:00,1.0,25,1
141539018,82306,1.0,False,False,False,False,False,NBA $1 25-Player (Winner Takes All),22.5,NBA,2023-02-16 00:00:00+00:00,1.0,25,1
141535658,82306,1.0,False,False,False,False,False,NBA $1 15-Player (Top 5 Win),13.5,NBA,2023-02-16 00:00:00+00:00,1.0,15,2
141531694,82306,1.0,False,False,False,False,False,NBA $1 12-Player (Top 5 Win),10.8,NBA,2023-02-16 00:00:00+00:00,1.0,12,2
141533082,82306,1.0,False,False,False,False,False,NBA $1 10-Player (Top 3 Win),9.0,NBA,2023-02-16 00:00:00+00:00,1.0,10,2
141518765,82306,1.0,False,False,False,False,False,NBA $1 5-Player,4.5,NBA,2023-02-16 00:00:00+00:00,1.0,5,1
141518766,82306,1.0,False,False,False,False,False,NBA $1 5-Player,4.5,NBA,2023-02-16 00:00:00+00:00,1.0,5,1
141518745,82306,1.0,False,False,False,False,False,NBA $1 3-Player,2.7,NBA,2023-02-16 00:00:00+00:00,1.0,3,2
141518746,82306,1.0,False,False,False,False,False,NBA $1 3-Player,2.7,NBA,2023-02-16 00:00:00+00:00,1.0,3,1
141537485,82306,3.0,False,False,False,False,False,NBA $3 6-Player (Winner Takes All),16.2,NBA,2023-02-16 00:00:00+00:00,3.0,6,1
141522877,82306,0.0,False,False,False,False,False,NBA FREE 200-Player,0.0,NBA,2023-02-16 00:00:00+00:00,0.0,200,44
141535552,82306,0.0,False,False,False,False,False,NBA FREE 200-Player,0.0,NBA,2023-02-16 00:00:00+00:00,0.0,200,34
141535564,82306,0.0,False,False,False,False,False,NBA FREE 75-Player,0.0,NBA,2023-02-16 00:00:00+00:00,0.0,75,14
141535551,82306,0.0,False,False,False,False,False,NBA FREE 14-Player,0.0,NBA,2023-02-16 00:00:00+00:00,0.0,14,12
141518921,82306,109.0,False,False,False,False,False,Casual NBA $109 5-Player,500.0,NBA,2023-02-16 00:00:00+00:00,109.0,5,0
141518915,82306,50.0,False,False,False,False,False,Casual NBA $50 3-Player,135.0,NBA,2023-02-16 00:00:00+00:00,50.0,3,0
141518916,82306,20.0,False,False,False,False,False,Casual NBA $20 3-Player,54.0,NBA,2023-02-16 00:00:00+00:00,20.0,3,0
141518917,82306,10.0,False,False,False,False,False,Casual NBA $10 5-Player,45.0,NBA,2023-02-16 00:00:00+00:00,10.0,5,0
141518918,82306,10.0,False,False,False,False,False,Casual NBA $10 3-Player,27.0,NBA,2023-02-16 00:00:00+00:00,10.0,3,0
141518919,82306,2.0,False,False,False,False,False,Casual NBA $2 5-Player,9.0,NBA,2023-02-16 00:00:00+00:00,2.0,5,0
141525656,82306,2.0,False,False,False,False,False,Casual NBA $2 3-Player,5.4,NBA,2023-02-16 00:00:00+00:00,2.0,3,0
141518910,82306,10.0,True,False,False,False,False,Casual NBA $10 50-50,90.0,NBA,2023-02-16 00:00:00+00:00,10.0,10,0
141518911,82306,5.0,True,False,False,False,False,Casual NBA $5 50-50,45.0,NBA,2023-02-16 00:00:00+00:00,5.0,10,0
141525663,82306,1.0,True,False,False,False,False,Casual NBA $1 50-50,9.0,NBA,2023-02-16 00:00:00+00:00,1.0,10,0
141518912,82306,3.0,True,False,False,False,False,Casual NBA $3 50-50,27.0,NBA,2023-02-16 00:00:00+00:00,3.0,10,0
141518908,82306,50.0,True,False,False,False,False,Casual NBA $50 50-50,180.0,NBA,2023-02-16 00:00:00+00:00,50.0,4,0
141518909,82306,20.0,True,False,False,False,False,Casual NBA $20 50-50,72.0,NBA,2023-02-16 00:00:00+00:00,20.0,4,0
141538863,82306,3.0,True,False,False,False,False,Casual NBA $3 50-50,10.8,NBA,2023-02-16 00:00:00+00:00,3.0,4,0
141518819,82306,50.0,False,False,False,False,False,Beginner NBA $50 3-Player,135.0,NBA,2023-02-16 00:00:00+00:00,50.0,3,0
141518820,82306,50.0,False,False,False,False,False,Beginner NBA $50 3-Player,135.0,NBA,2023-02-16 00:00:00+00:00,50.0,3,0
141518875,82306,20.0,False,False,False,False,False,Beginner NBA $20 3-Player,54.0,NBA,2023-02-16 00:00:00+00:00,20.0,3,0
141518876,82306,20.0,False,False,False,False,False,Beginner NBA $20 3-Player,54.0,NBA,2023-02-16 00:00:00+00:00,20.0,3,0
141518877,82306,20.0,False,False,False,False,False,Beginner NBA $20 3-Player,54.0,NBA,2023-02-16 00:00:00+00:00,20.0,3,0
141518889,82306,10.0,False,False,False,False,False,Beginner NBA $10 3-Player,27.0,NBA,2023-02-16 00:00:00+00:00,10.0,3,0
141518890,82306,10.0,False,False,False,False,False,Beginner NBA $10 3-Player,27.0,NBA,2023-02-16 00:00:00+00:00,10.0,3,0
141518891,82306,10.0,False,False,False,False,False,Beginner NBA $10 3-Player,27.0,NBA,2023-02-16 00:00:00+00:00,10.0,3,0
141518865,82306,5.0,False,False,False,False,False,Beginner NBA $5 3-Player,13.5,NBA,2023-02-16 00:00:00+00:00,5.0,3,0
141518866,82306,5.0,False,False,False,False,False,Beginner NBA $5 3-Player,13.5,NBA,2023-02-16 00:00:00+00:00,5.0,3,0
141518867,82306,5.0,False,False,False,False,False,Beginner NBA $5 3-Player,13.5,NBA,2023-02-16 00:00:00+00:00,5.0,3,0
141518881,82306,2.0,False,False,False,False,False,Beginner NBA $2 3-Player,5.4,NBA,2023-02-16 00:00:00+00:00,2.0,3,0
141518883,82306,2.0,False,False,False,False,False,Beginner NBA $2 3-Player,5.4,NBA,2023-02-16 00:00:00+00:00,2.0,3,0
141518884,82306,2.0,False,False,False,False,False,Beginner NBA $2 3-Player,5.4,NBA,2023-02-16 00:00:00+00:00,2.0,3,0
141518895,82306,1.0,False,False,False,False,False,Beginner NBA $1 3-Player,2.7,NBA,2023-02-16 00:00:00+00:00,1.0,3,0
141518896,82306,1.0,False,False,False,False,False,Beginner NBA $1 3-Player,2.7,NBA,2023-02-16 00:00:00+00:00,1.0,3,0
141518897,82306,1.0,False,False,False,False,False,Beginner NBA $1 3-Player,2.7,NBA,2023-02-16 00:00:00+00:00,1.0,3,0
141518874,82306,20.0,False,False,False,False,False,Beginner NBA $20 5-Player,90.0,NBA,2023-02-16 00:00:00+00:00,20.0,5,0
141518888,82306,10.0,False,False,False,False,False,Beginner NBA $10 5-Player,45.0,NBA,2023-02-16 00:00:00+00:00,10.0,5,0
141518862,82306,5.0,False,False,False,False,False,Beginner NBA $5 5-Player,22.5,NBA,2023-02-16 00:00:00+00:00,5.0,5,0
141518863,82306,5.0,False,False,False,False,False,Beginner NBA $5 5-Player,22.5,NBA,2023-02-16 00:00:00+00:00,5.0,5,0
141518864,82306,5.0,False,False,False,False,False,Beginner NBA $5 5-Player,22.5,NBA,2023-02-16 00:00:00+00:00,5.0,5,0
141518878,82306,2.0,False,False,False,False,False,Beginner NBA $2 5-Player,9.0,NBA,2023-02-16 00:00:00+00:00,2.0,5,0
141518879,82306,2.0,False,False,False,False,False,Beginner NBA $2 5-Player,9.0,NBA,2023-02-16 00:00:00+00:00,2.0,5,0
141518880,82306,2.0,False,False,False,False,False,Beginner NBA $2 5-Player,9.0,NBA,2023-02-16 00:00:00+00:00,2.0,5,0
141518821,82306,1.0,False,False,False,False,False,Beginner NBA $1 5-Player,4.5,NBA,2023-02-16 00:00:00+00:00,1.0,5,0
141518822,82306,1.0,False,False,False,False,False,Beginner NBA $1 5-Player,4.5,NBA,2023-02-16 00:00:00+00:00,1.0,5,0
141518823,82306,1.0,False,False,False,False,False,Beginner NBA $1 5-Player,4.5,NBA,2023-02-16 00:00:00+00:00,1.0,5,0
141518858,82306,50.0,True,False,False,False,False,Beginner NBA $50 50-50,450.0,NBA,2023-02-16 00:00:00+00:00,50.0,10,0
141518871,82306,20.0,True,False,False,False,False,Beginner NBA $20 50-50,180.0,NBA,2023-02-16 00:00:00+00:00,20.0,10,0
141518872,82306,20.0,True,False,False,False,False,Beginner NBA $20 50-50,180.0,NBA,2023-02-16 00:00:00+00:00,20.0,10,0
141518873,82306,20.0,True,False,False,False,False,Beginner NBA $20 50-50,180.0,NBA,2023-02-16 00:00:00+00:00,20.0,10,0
141518885,82306,10.0,True,False,False,False,False,Beginner NBA $10 50-50,90.0,NBA,2023-02-16 00:00:00+00:00,10.0,10,0
141518886,82306,10.0,True,False,False,False,False,Beginner NBA $10 50-50,90.0,NBA,2023-02-16 00:00:00+00:00,10.0,10,0
141518887,82306,10.0,True,False,False,False,False,Beginner NBA $10 50-50,90.0,NBA,2023-02-16 00:00:00+00:00,10.0,10,0
141518859,82306,5.0,True,False,False,False,False,Beginner NBA $5 50-50,45.0,NBA,2023-02-16 00:00:00+00:00,5.0,10,0
141518860,82306,5.0,True,False,False,False,False,Beginner NBA $5 50-50,45.0,NBA,2023-02-16 00:00:00+00:00,5.0,10,0
141518861,82306,5.0,True,False,False,False,False,Beginner NBA $5 50-50,45.0,NBA,2023-02-16 00:00:00+00:00,5.0,10,0
141518868,82306,3.0,True,False,False,False,False,Beginner NBA $3 50-50,27.0,NBA,2023-02-16 00:00:00+00:00,3.0,10,0
141518869,82306,3.0,True,False,False,False,False,Beginner NBA $3 50-50,27.0,NBA,2023-02-16 00:00:00+00:00,3.0,10,0
141518870,82306,3.0,True,False,False,False,False,Beginner NBA $3 50-50,27.0,NBA,2023-02-16 00:00:00+00:00,3.0,10,0
141518892,82306,1.0,True,False,False,False,False,Beginner NBA $1 50-50,9.0,NBA,2023-02-16 00:00:00+00:00,1.0,10,0
141518893,82306,1.0,True,False,False,False,False,Beginner NBA $1 50-50,9.0,NBA,2023-02-16 00:00:00+00:00,1.0,10,0
141518894,82306,1.0,True,False,False,False,False,Beginner NBA $1 50-50,9.0,NBA,2023-02-16 00:00:00+00:00,1.0,10,0
141538090,82306,10600.0,False,False,False,False,False,"NBA $10,600 3-Player",30000.0,NBA,2023-02-16 00:00:00+00:00,10600.0,3,0
141518804,82306,5300.0,False,False,False,False,False,"NBA $5,300 4-Player (Winner Takes All)",20000.0,NBA,2023-02-16 00:00:00+00:00,5300.0,4,0
141518805,82306,5300.0,False,False,False,False,False,"NBA $5,300 4-Player (Winner Takes All)",20000.0,NBA,2023-02-16 00:00:00+00:00,5300.0,4,0
141538839,82306,5300.0,False,False,False,False,False,"NBA $5,300 4-Player (Winner Takes All)",20000.0,NBA,2023-02-16 00:00:00+00:00,5300.0,4,0
141538842,82306,5300.0,False,False,False,False,False,"NBA $5,300 3-Player",15000.0,NBA,2023-02-16 00:00:00+00:00,5300.0,3,0
141518827,82306,5300.0,True,False,False,False,False,"NBA $5,300 50-50",20000.0,NBA,2023-02-16 00:00:00+00:00,5300.0,4,0
141518906,82306,2120.0,True,False,False,False,False,"NBA $2,120 50-50",8000.0,NBA,2023-02-16 00:00:00+00:00,2120.0,4,0
141538847,82306,2120.0,True,False,False,False,False,"NBA $2,120 50-50",8000.0,NBA,2023-02-16 00:00:00+00:00,2120.0,4,0
141538845,82306,2120.0,False,False,False,False,False,"NBA $2,120 5-Player",10000.0,NBA,2023-02-16 00:00:00+00:00,2120.0,5,0
141538846,82306,2120.0,False,False,False,False,False,"NBA $2,120 5-Player",10000.0,NBA,2023-02-16 00:00:00+00:00,2120.0,5,0
141538843,82306,2120.0,False,False,False,False,False,"NBA $2,120 3-Player",6000.0,NBA,2023-02-16 00:00:00+00:00,2120.0,3,0
141538844,82306,2120.0,False,False,False,False,False,"NBA $2,120 3-Player",6000.0,NBA,2023-02-16 00:00:00+00:00,2120.0,3,0
141538841,82306,1060.0,True,False,False,False,False,"NBA $1,060 50-50",4000.0,NBA,2023-02-16 00:00:00+00:00,1060.0,4,0
141538840,82306,1060.0,False,False,False,False,False,"NBA $1,060 3-Player",3000.0,NBA,2023-02-16 00:00:00+00:00,1060.0,3,0
141518807,82306,530.0,True,False,False,False,False,NBA $530 50-50,2000.0,NBA,2023-02-16 00:00:00+00:00,530.0,4,0
141524072,82306,530.0,False,False,False,False,False,NBA $530 3-Player,1500.0,NBA,2023-02-16 00:00:00+00:00,530.0,3,0
141518843,82306,162.0,True,False,False,False,False,NBA $162 50-50,600.0,NBA,2023-02-16 00:00:00+00:00,162.0,4,0
141518844,82306,162.0,False,False,False,False,False,NBA $162 5-Player,750.0,NBA,2023-02-16 00:00:00+00:00,162.0,5,0
141524061,82306,162.0,False,False,False,False,False,NBA $162 3-Player,450.0,NBA,2023-02-16 00:00:00+00:00,162.0,3,0
141524062,82306,162.0,False,False,False,False,False,NBA $162 3-Player,450.0,NBA,2023-02-16 00:00:00+00:00,162.0,3,0
141518898,82306,109.0,True,False,False,False,False,NBA $109 50-50,600.0,NBA,2023-02-16 00:00:00+00:00,109.0,6,0
141518743,82306,109.0,True,False,False,False,False,NBA $109 50-50,400.0,NBA,2023-02-16 00:00:00+00:00,109.0,4,0
141518744,82306,109.0,True,False,False,False,False,NBA $109 50-50,400.0,NBA,2023-02-16 00:00:00+00:00,109.0,4,0
141518779,82306,109.0,False,False,False,False,False,NBA $109 5-Player,500.0,NBA,2023-02-16 00:00:00+00:00,109.0,5,0
141524056,82306,109.0,False,False,False,False,False,NBA $109 3-Player,300.0,NBA,2023-02-16 00:00:00+00:00,109.0,3,0
141524057,82306,109.0,False,False,False,False,False,NBA $109 3-Player,300.0,NBA,2023-02-16 00:00:00+00:00,109.0,3,0
141524058,82306,109.0,False,False,False,False,False,NBA $109 3-Player,300.0,NBA,2023-02-16 00:00:00+00:00,109.0,3,0
141518824,82306,50.0,True,False,False,False,False,NBA $50 50-50,450.0,NBA,2023-02-16 00:00:00+00:00,50.0,10,0
141518825,82306,50.0,True,False,False,False,False,NBA $50 50-50,450.0,NBA,2023-02-16 00:00:00+00:00,50.0,10,0
141518741,82306,50.0,True,False,False,False,False,NBA $50 50-50,180.0,NBA,2023-02-16 00:00:00+00:00,50.0,4,0
141518742,82306,50.0,True,False,False,False,False,NBA $50 50-50,180.0,NBA,2023-02-16 00:00:00+00:00,50.0,4,0
141518929,82306,50.0,True,False,False,False,False,NBA $50 Double Up,1000.0,NBA,2023-02-16 00:00:00+00:00,50.0,22,0
141518924,82306,50.0,True,False,False,False,False,NBA $50 Double Up,500.0,NBA,2023-02-16 00:00:00+00:00,50.0,11,0
141518826,82306,50.0,False,False,False,False,False,NBA $50 10-Player,450.0,NBA,2023-02-16 00:00:00+00:00,50.0,10,0
141518801,82306,50.0,False,False,False,False,False,NBA $50 5-Player,225.0,NBA,2023-02-16 00:00:00+00:00,50.0,5,0
141518802,82306,50.0,False,False,False,False,False,NBA $50 5-Player,225.0,NBA,2023-02-16 00:00:00+00:00,50.0,5,0
141524059,82306,50.0,False,False,False,False,False,NBA $50 3-Player,135.0,NBA,2023-02-16 00:00:00+00:00,50.0,3,0
141524060,82306,50.0,False,False,False,False,False,NBA $50 3-Player,135.0,NBA,2023-02-16 00:00:00+00:00,50.0,3,0
141518928,82306,25.0,True,False,False,False,False,NBA $25 Double Up,500.0,NBA,2023-02-16 00:00:00+00:00,25.0,22,0
141518923,82306,25.0,True,False,False,False,False,NBA $25 Double Up,250.0,NBA,2023-02-16 00:00:00+00:00,25.0,11,0
141518833,82306,20.0,True,False,False,False,False,NBA $20 50-50,360.0,NBA,2023-02-16 00:00:00+00:00,20.0,20,0
141518797,82306,20.0,True,False,False,False,False,NBA $20 50-50,180.0,NBA,2023-02-16 00:00:00+00:00,20.0,10,0
141518798,82306,20.0,True,False,False,False,False,NBA $20 50-50,180.0,NBA,2023-02-16 00:00:00+00:00,20.0,10,0
141518834,82306,20.0,False,False,False,False,False,NBA $20 20-Player,360.0,NBA,2023-02-16 00:00:00+00:00,20.0,20,0
141518809,82306,20.0,False,False,False,False,False,NBA $20 10-Player,180.0,NBA,2023-02-16 00:00:00+00:00,20.0,10,0
141518810,82306,20.0,False,False,False,False,False,NBA $20 10-Player,180.0,NBA,2023-02-16 00:00:00+00:00,20.0,10,0
141518776,82306,20.0,False,False,False,False,False,NBA $20 5-Player,90.0,NBA,2023-02-16 00:00:00+00:00,20.0,5,0
141518777,82306,20.0,False,False,False,False,False,NBA $20 5-Player,90.0,NBA,2023-02-16 00:00:00+00:00,20.0,5,0
141518778,82306,20.0,False,False,False,False,False,NBA $20 5-Player,90.0,NBA,2023-02-16 00:00:00+00:00,20.0,5,0
141524053,82306,20.0,False,False,False,False,False,NBA $20 3-Player,54.0,NBA,2023-02-16 00:00:00+00:00,20.0,3,0
141524054,82306,20.0,False,False,False,False,False,NBA $20 3-Player,54.0,NBA,2023-02-16 00:00:00+00:00,20.0,3,0
141524055,82306,20.0,False,False,False,False,False,NBA $20 3-Player,54.0,NBA,2023-02-16 00:00:00+00:00,20.0,3,0
141518848,82306,10.0,True,False,False,False,False,NBA $10 50-50,180.0,NBA,2023-02-16 00:00:00+00:00,10.0,20,0
141518794,82306,10.0,True,False,False,False,False,NBA $10 50-50,90.0,NBA,2023-02-16 00:00:00+00:00,10.0,10,0
141518795,82306,10.0,True,False,False,False,False,NBA $10 50-50,90.0,NBA,2023-02-16 00:00:00+00:00,10.0,10,0
141518796,82306,10.0,True,False,False,False,False,NBA $10 50-50,90.0,NBA,2023-02-16 00:00:00+00:00,10.0,10,0
141518922,82306,10.0,True,False,False,False,False,NBA $10 Double Up,100.0,NBA,2023-02-16 00:00:00+00:00,10.0,11,0
141518849,82306,10.0,False,False,False,False,False,NBA $10 20-Player,180.0,NBA,2023-02-16 00:00:00+00:00,10.0,20,0
141518792,82306,10.0,False,False,False,False,False,NBA $10 10-Player,90.0,NBA,2023-02-16 00:00:00+00:00,10.0,10,0
141518793,82306,10.0,False,False,False,False,False,NBA $10 10-Player,90.0,NBA,2023-02-16 00:00:00+00:00,10.0,10,0
141518773,82306,10.0,False,False,False,False,False,NBA $10 5-Player,45.0,NBA,2023-02-16 00:00:00+00:00,10.0,5,0
141518774,82306,10.0,False,False,False,False,False,NBA $10 5-Player,45.0,NBA,2023-02-16 00:00:00+00:00,10.0,5,0
141518775,82306,10.0,False,False,False,False,False,NBA $10 5-Player,45.0,NBA,2023-02-16 00:00:00+00:00,10.0,5,0
141524050,82306,10.0,False,False,False,False,False,NBA $10 3-Player,27.0,NBA,2023-02-16 00:00:00+00:00,10.0,3,0
141524051,82306,10.0,False,False,False,False,False,NBA $10 3-Player,27.0,NBA,2023-02-16 00:00:00+00:00,10.0,3,0
141524052,82306,10.0,False,False,False,False,False,NBA $10 3-Player,27.0,NBA,2023-02-16 00:00:00+00:00,10.0,3,0
141518829,82306,5.0,True,False,False,False,False,NBA $5 50-50,90.0,NBA,2023-02-16 00:00:00+00:00,5.0,20,0
141518830,82306,5.0,True,False,False,False,False,NBA $5 50-50,90.0,NBA,2023-02-16 00:00:00+00:00,5.0,20,0
141518831,82306,5.0,True,False,False,False,False,NBA $5 50-50,90.0,NBA,2023-02-16 00:00:00+00:00,5.0,20,0
141518789,82306,5.0,True,False,False,False,False,NBA $5 50-50,45.0,NBA,2023-02-16 00:00:00+00:00,5.0,10,0
141518790,82306,5.0,True,False,False,False,False,NBA $5 50-50,45.0,NBA,2023-02-16 00:00:00+00:00,5.0,10,0
141518791,82306,5.0,True,False,False,False,False,NBA $5 50-50,45.0,NBA,2023-02-16 00:00:00+00:00,5.0,10,0
141518925,82306,5.0,True,False,False,False,False,NBA $5 Double Up,50.0,NBA,2023-02-16 00:00:00+00:00,5.0,11,0
141518832,82306,5.0,False,False,False,False,False,NBA $5 20-Player,90.0,NBA,2023-02-16 00:00:00+00:00,5.0,20,0
141518786,82306,5.0,False,False,False,False,False,NBA $5 10-Player,45.0,NBA,2023-02-16 00:00:00+00:00,5.0,10,0
141518787,82306,5.0,False,False,False,False,False,NBA $5 10-Player,45.0,NBA,2023-02-16 00:00:00+00:00,5.0,10,0
141518788,82306,5.0,False,False,False,False,False,NBA $5 10-Player,45.0,NBA,2023-02-16 00:00:00+00:00,5.0,10,0
141518770,82306,5.0,False,False,False,False,False,NBA $5 5-Player,22.5,NBA,2023-02-16 00:00:00+00:00,5.0,5,0
141518771,82306,5.0,False,False,False,False,False,NBA $5 5-Player,22.5,NBA,2023-02-16 00:00:00+00:00,5.0,5,0
141518772,82306,5.0,False,False,False,False,False,NBA $5 5-Player,22.5,NBA,2023-02-16 00:00:00+00:00,5.0,5,0
141524047,82306,5.0,False,False,False,False,False,NBA $5 3-Player,13.5,NBA,2023-02-16 00:00:00+00:00,5.0,3,0
141524048,82306,5.0,False,False,False,False,False,NBA $5 3-Player,13.5,NBA,2023-02-16 00:00:00+00:00,5.0,3,0
141524049,82306,5.0,False,False,False,False,False,NBA $5 3-Player,13.5,NBA,2023-02-16 00:00:00+00:00,5.0,3,0
141518926,82306,3.0,True,False,False,False,False,NBA $3 Double Up,30.0,NBA,2023-02-16 00:00:00+00:00,3.0,11,0
141518838,82306,2.0,True,False,False,False,False,NBA $2 50-50,36.0,NBA,2023-02-16 00:00:00+00:00,2.0,20,0
141518839,82306,2.0,True,False,False,False,False,NBA $2 50-50,36.0,NBA,2023-02-16 00:00:00+00:00,2.0,20,0
141518840,82306,2.0,True,False,False,False,False,NBA $2 50-50,36.0,NBA,2023-02-16 00:00:00+00:00,2.0,20,0
141518835,82306,2.0,True,False,False,False,False,NBA $2 50-50,18.0,NBA,2023-02-16 00:00:00+00:00,2.0,10,0
141518836,82306,2.0,True,False,False,False,False,NBA $2 50-50,18.0,NBA,2023-02-16 00:00:00+00:00,2.0,10,0
141518837,82306,2.0,True,False,False,False,False,NBA $2 50-50,18.0,NBA,2023-02-16 00:00:00+00:00,2.0,10,0
141518841,82306,2.0,False,False,False,False,False,NBA $2 40-Player,72.0,NBA,2023-02-16 00:00:00+00:00,2.0,40,0
141518842,82306,2.0,False,False,False,False,False,NBA $2 40-Player,72.0,NBA,2023-02-16 00:00:00+00:00,2.0,40,0
141518814,82306,2.0,False,False,False,False,False,NBA $2 20 Player,36.0,NBA,2023-02-16 00:00:00+00:00,2.0,20,0
141518815,82306,2.0,False,False,False,False,False,NBA $2 20 Player,36.0,NBA,2023-02-16 00:00:00+00:00,2.0,20,0
141518783,82306,2.0,False,False,False,False,False,NBA $2 10-Player,18.0,NBA,2023-02-16 00:00:00+00:00,2.0,10,0
141518784,82306,2.0,False,False,False,False,False,NBA $2 10-Player,18.0,NBA,2023-02-16 00:00:00+00:00,2.0,10,0
141518785,82306,2.0,False,False,False,False,False,NBA $2 10-Player,18.0,NBA,2023-02-16 00:00:00+00:00,2.0,10,0
141518767,82306,2.0,False,False,False,False,False,NBA $2 5-Player,9.0,NBA,2023-02-16 00:00:00+00:00,2.0,5,0
141518768,82306,2.0,False,False,False,False,False,NBA $2 5-Player,9.0,NBA,2023-02-16 00:00:00+00:00,2.0,5,0
141518769,82306,2.0,False,False,False,False,False,NBA $2 5-Player,9.0,NBA,2023-02-16 00:00:00+00:00,2.0,5,0
141518748,82306,2.0,False,False,False,False,False,NBA $2 3-Player,5.4,NBA,2023-02-16 00:00:00+00:00,2.0,3,0
141518749,82306,2.0,False,False,False,False,False,NBA $2 3-Player,5.4,NBA,2023-02-16 00:00:00+00:00,2.0,3,0
141518750,82306,2.0,False,False,False,False,False,NBA $2 3-Player,5.4,NBA,2023-02-16 00:00:00+00:00,2.0,3,0
141518816,82306,1.0,True,False,False,False,False,NBA $1 50-50,45.0,NBA,2023-02-16 00:00:00+00:00,1.0,50,0
141518818,82306,1.0,True,False,False,False,False,NBA $1 50-50,45.0,NBA,2023-02-16 00:00:00+00:00,1.0,50,0
141535580,82306,1.0,True,False,False,False,False,NBA $1 50-50,45.0,NBA,2023-02-16 00:00:00+00:00,1.0,50,0
141518850,82306,1.0,True,False,False,False,False,NBA $1 50-50,18.0,NBA,2023-02-16 00:00:00+00:00,1.0,20,0
141518851,82306,1.0,True,False,False,False,False,NBA $1 50-50,18.0,NBA,2023-02-16 00:00:00+00:00,1.0,20,0
141518852,82306,1.0,True,False,False,False,False,NBA $1 50-50,18.0,NBA,2023-02-16 00:00:00+00:00,1.0,20,0
141518853,82306,1.0,True,False,False,False,False,NBA $1 50-50,9.0,NBA,2023-02-16 00:00:00+00:00,1.0,10,0
141518854,82306,1.0,True,False,False,False,False,NBA $1 50-50,9.0,NBA,2023-02-16 00:00:00+00:00,1.0,10,0
141518855,82306,1.0,True,False,False,False,False,NBA $1 50-50,9.0,NBA,2023-02-16 00:00:00+00:00,1.0,10,0
141518927,82306,1.0,True,False,False,False,False,NBA $1 Double Up,10.0,NBA,2023-02-16 00:00:00+00:00,1.0,11,0
141518856,82306,1.0,False,False,False,False,False,NBA $1 40-Player,36.0,NBA,2023-02-16 00:00:00+00:00,1.0,40,0
141518857,82306,1.0,False,False,False,False,False,NBA $1 40-Player,36.0,NBA,2023-02-16 00:00:00+00:00,1.0,40,0
141518811,82306,1.0,False,False,False,False,False,NBA $1 20-Player,18.0,NBA,2023-02-16 00:00:00+00:00,1.0,20,0
141518812,82306,1.0,False,False,False,False,False,NBA $1 20-Player,18.0,NBA,2023-02-16 00:00:00+00:00,1.0,20,0
141518813,82306,1.0,False,False,False,False,False,NBA $1 20-Player,18.0,NBA,2023-02-16 00:00:00+00:00,1.0,20,0
141518780,82306,1.0,False,False,False,False,False,NBA $1 10-Player,9.0,NBA,2023-02-16 00:00:00+00:00,1.0,10,0
141518781,82306,1.0,False,False,False,False,False,NBA $1 10-Player,9.0,NBA,2023-02-16 00:00:00+00:00,1.0,10,0
141518782,82306,1.0,False,False,False,False,False,NBA $1 10-Player,9.0,NBA,2023-02-16 00:00:00+00:00,1.0,10,0
141518764,82306,1.0,False,False,False,False,False,NBA $1 5-Player,4.5,NBA,2023-02-16 00:00:00+00:00,1.0,5,0
141535987,82306,1.0,False,False,False,False,False,NBA $1 5-Player,4.5,NBA,2023-02-16 00:00:00+00:00,1.0,5,0
141535988,82306,1.0,False,False,False,False,False,NBA $1 5-Player,4.5,NBA,2023-02-16 00:00:00+00:00,1.0,5,0
141518747,82306,1.0,False,False,False,False,False,NBA $1 3-Player,2.7,NBA,2023-02-16 00:00:00+00:00,1.0,3,0
141533282,82306,1.0,False,False,False,False,False,NBA $1 3-Player,2.7,NBA,2023-02-16 00:00:00+00:00,1.0,3,0
141535986,82306,1.0,False,False,False,False,False,NBA $1 3-Player,2.7,NBA,2023-02-16 00:00:00+00:00,1.0,3,0
141518899,82306,10600.0,False,False,False,False,False,"NBA $10,600 4-Player (Winner Takes All)",40000.0,NBA,2023-02-16 00:00:00+00:00,10600.0,4,0
141518900,82306,10600.0,False,False,False,False,False,"NBA $10,600 4-Player (Winner Takes All)",40000.0,NBA,2023-02-16 00:00:00+00:00,10600.0,4,0
141518901,82306,10600.0,False,False,False,False,False,"NBA $10,600 4-Player (Winner Takes All)",40000.0,NBA,2023-02-16 00:00:00+00:00,10600.0,4,0
141519125,82308,5.0,False,False,False,False,False,Beginner NBA Tiers $5 3-Player,13.5,NBA,2023-02-16 00:00:00+00:00,5.0,3,1
141533337,82308,5.0,False,False,False,False,False,Beginner NBA Tiers $5 3-Player,13.5,NBA,2023-02-16 00:00:00+00:00,5.0,3,1
141519188,82308,2.0,False,False,False,False,False,Casual NBA Tiers $2 3-Player,5.4,NBA,2023-02-16 00:00:00+00:00,2.0,3,1
141519127,82308,2.0,False,False,False,False,False,Beginner NBA Tiers $2 3-Player,5.4,NBA,2023-02-16 00:00:00+00:00,2.0,3,1
141519126,82308,2.0,False,False,False,False,False,Beginner NBA Tiers $2 5-Player,9.0,NBA,2023-02-16 00:00:00+00:00,2.0,5,1
141519131,82308,1060.0,False,False,False,False,False,"NBA Tiers $1,060 3-Player",3000.0,NBA,2023-02-16 00:00:00+00:00,1060.0,3,1
141519132,82308,530.0,False,False,False,False,False,NBA Tiers $530 3-Player,1500.0,NBA,2023-02-16 00:00:00+00:00,530.0,3,1
141519133,82308,162.0,False,False,False,False,False,NBA Tiers $162 3-Player,450.0,NBA,2023-02-16 00:00:00+00:00,162.0,3,1
141519134,82308,109.0,False,False,False,False,False,NBA Tiers $109 3-Player,300.0,NBA,2023-02-16 00:00:00+00:00,109.0,3,1
141519135,82308,109.0,False,False,False,False,False,NBA Tiers $109 3-Player,300.0,NBA,2023-02-16 00:00:00+00:00,109.0,3,1
141519137,82308,50.0,False,False,False,False,False,NBA Tiers $50 3-Player,135.0,NBA,2023-02-16 00:00:00+00:00,50.0,3,1
141519138,82308,20.0,False,False,False,False,False,NBA Tiers $20 5-Player,90.0,NBA,2023-02-16 00:00:00+00:00,20.0,5,1
141519140,82308,20.0,False,False,False,False,False,NBA Tiers $20 3-Player,54.0,NBA,2023-02-16 00:00:00+00:00,20.0,3,1
141519141,82308,20.0,False,False,False,False,False,NBA Tiers $20 3-Player,54.0,NBA,2023-02-16 00:00:00+00:00,20.0,3,1
141519142,82308,20.0,False,False,False,False,False,NBA Tiers $20 3-Player,54.0,NBA,2023-02-16 00:00:00+00:00,20.0,3,1
141519146,82308,10.0,False,False,False,False,False,NBA Tiers $10 3-Player,27.0,NBA,2023-02-16 00:00:00+00:00,10.0,3,1
141519147,82308,10.0,False,False,False,False,False,NBA Tiers $10 3-Player,27.0,NBA,2023-02-16 00:00:00+00:00,10.0,3,1
141519148,82308,10.0,False,False,False,False,False,NBA Tiers $10 3-Player,27.0,NBA,2023-02-16 00:00:00+00:00,10.0,3,1
141519154,82308,5.0,False,False,False,False,False,NBA Tiers $5 3-Player,13.5,NBA,2023-02-16 00:00:00+00:00,5.0,3,1
141519155,82308,5.0,False,False,False,False,False,NBA Tiers $5 3-Player,13.5,NBA,2023-02-16 00:00:00+00:00,5.0,3,1
141533020,82308,5.0,False,False,False,False,False,NBA Tiers $5 3-Player,13.5,NBA,2023-02-16 00:00:00+00:00,5.0,3,1
141519112,82308,1.0,True,False,False,False,False,NBA Tiers $1 50-50,18.0,NBA,2023-02-16 00:00:00+00:00,1.0,20,2
141519113,82308,1.0,True,False,False,False,False,NBA Tiers $1 50-50,18.0,NBA,2023-02-16 00:00:00+00:00,1.0,20,2
141519114,82308,1.0,True,False,False,False,False,NBA Tiers $1 50-50,9.0,NBA,2023-02-16 00:00:00+00:00,1.0,10,2
141519115,82308,1.0,True,False,False,False,False,NBA Tiers $1 50-50,9.0,NBA,2023-02-16 00:00:00+00:00,1.0,10,2
141519116,82308,1.0,True,False,False,False,False,NBA Tiers $1 50-50,9.0,NBA,2023-02-16 00:00:00+00:00,1.0,10,2
141519195,82308,1.0,True,False,False,False,False,NBA Tiers $1 Double Up,10.0,NBA,2023-02-16 00:00:00+00:00,1.0,11,2
141531913,82308,1.0,False,False,False,False,False,NBA Tiers $1 12-Player (Top 5 Win),10.8,NBA,2023-02-16 00:00:00+00:00,1.0,12,2
141519168,82308,1.0,False,False,False,False,False,NBA Tiers $1 10-Player,9.0,NBA,2023-02-16 00:00:00+00:00,1.0,10,1
141519169,82308,1.0,False,False,False,False,False,NBA Tiers $1 5-Player,4.5,NBA,2023-02-16 00:00:00+00:00,1.0,5,1
141519170,82308,1.0,False,False,False,False,False,NBA Tiers $1 3-Player,2.7,NBA,2023-02-16 00:00:00+00:00,1.0,3,1
141519171,82308,1.0,False,False,False,False,False,NBA Tiers $1 3-Player,2.7,NBA,2023-02-16 00:00:00+00:00,1.0,3,1
141519202,82308,8.0,False,False,False,False,True,NBA Tiers Satellite to NAS 2-19 Fantasy Racing Millionaire [Must Fill],36.0,NBA,2023-02-16 00:00:00+00:00,8.0,5,0
141533557,82308,5.0,False,False,False,False,False,Beginner NBA Tiers $5 3-Player,13.5,NBA,2023-02-16 00:00:00+00:00,5.0,3,0
141519189,82308,109.0,False,False,False,False,False,Casual NBA Tiers $109 5-Player,500.0,NBA,2023-02-16 00:00:00+00:00,109.0,5,0
141519183,82308,50.0,False,False,False,False,False,Casual NBA Tiers $50 3-Player,135.0,NBA,2023-02-16 00:00:00+00:00,50.0,3,0
141519184,82308,20.0,False,False,False,False,False,Casual NBA Tiers $20 3-Player,54.0,NBA,2023-02-16 00:00:00+00:00,20.0,3,0
141519185,82308,10.0,False,False,False,False,False,Casual NBA Tiers $10 5-Player,45.0,NBA,2023-02-16 00:00:00+00:00,10.0,5,0
141519186,82308,10.0,False,False,False,False,False,Casual NBA Tiers $10 3-Player,27.0,NBA,2023-02-16 00:00:00+00:00,10.0,3,0
141519187,82308,2.0,False,False,False,False,False,Casual NBA Tiers $2 5-Player,9.0,NBA,2023-02-16 00:00:00+00:00,2.0,5,0
141533085,82308,2.0,False,False,False,False,False,Casual NBA Tiers $2 3-Player,5.4,NBA,2023-02-16 00:00:00+00:00,2.0,3,0
141519178,82308,10.0,True,False,False,False,False,Casual NBA Tiers $10 50-50,90.0,NBA,2023-02-16 00:00:00+00:00,10.0,10,0
141519179,82308,5.0,True,False,False,False,False,Casual NBA Tiers $5 50-50,45.0,NBA,2023-02-16 00:00:00+00:00,5.0,10,0
141519182,82308,1.0,True,False,False,False,False,Casual NBA Tiers $1 50-50,9.0,NBA,2023-02-16 00:00:00+00:00,1.0,10,0
141519180,82308,3.0,True,False,False,False,False,Casual NBA Tiers $3 50-50,27.0,NBA,2023-02-16 00:00:00+00:00,3.0,10,0
141519176,82308,50.0,True,False,False,False,False,Casual NBA Tiers $50 50-50,180.0,NBA,2023-02-16 00:00:00+00:00,50.0,4,0
141519177,82308,20.0,True,False,False,False,False,Casual NBA Tiers $20 50-50,72.0,NBA,2023-02-16 00:00:00+00:00,20.0,4,0
141519181,82308,3.0,True,False,False,False,False,Casual NBA Tiers $3 50-50,10.8,NBA,2023-02-16 00:00:00+00:00,3.0,4,0
141519082,82308,50.0,False,False,False,False,False,Beginner NBA Tiers $50 3-Player,135.0,NBA,2023-02-16 00:00:00+00:00,50.0,3,0
141519081,82308,20.0,False,False,False,False,False,Beginner NBA Tiers $20 3-Player,54.0,NBA,2023-02-16 00:00:00+00:00,20.0,3,0
141519083,82308,10.0,False,False,False,False,False,Beginner NBA Tiers $10 3-Player,27.0,NBA,2023-02-16 00:00:00+00:00,10.0,3,0
141519084,82308,5.0,False,False,False,False,False,Beginner NBA Tiers $5 3-Player,13.5,NBA,2023-02-16 00:00:00+00:00,5.0,3,0
141533390,82308,2.0,False,False,False,False,False,Beginner NBA Tiers $2 3-Player,5.4,NBA,2023-02-16 00:00:00+00:00,2.0,3,0
141519085,82308,1.0,False,False,False,False,False,Beginner NBA Tiers $1 3-Player,2.7,NBA,2023-02-16 00:00:00+00:00,1.0,3,0
141519123,82308,10.0,False,False,False,False,False,Beginner NBA Tiers $10 5-Player,45.0,NBA,2023-02-16 00:00:00+00:00,10.0,5,0
141519124,82308,5.0,False,False,False,False,False,Beginner NBA Tiers $5 5-Player,22.5,NBA,2023-02-16 00:00:00+00:00,5.0,5,0
141533389,82308,2.0,False,False,False,False,False,Beginner NBA Tiers $2 5-Player,9.0,NBA,2023-02-16 00:00:00+00:00,2.0,5,0
141519128,82308,1.0,False,False,False,False,False,Beginner NBA Tiers $1 5-Player,4.5,NBA,2023-02-16 00:00:00+00:00,1.0,5,0
141519117,82308,50.0,True,False,False,False,False,Beginner NBA Tiers $50 50-50,180.0,NBA,2023-02-16 00:00:00+00:00,50.0,4,0
141519118,82308,20.0,True,False,False,False,False,Beginner NBA Tiers $20 50-50,72.0,NBA,2023-02-16 00:00:00+00:00,20.0,4,0
141519119,82308,10.0,True,False,False,False,False,Beginner NBA Tiers $10 50-50,90.0,NBA,2023-02-16 00:00:00+00:00,10.0,10,0
141519120,82308,5.0,True,False,False,False,False,Beginner NBA Tiers $5 50-50,45.0,NBA,2023-02-16 00:00:00+00:00,5.0,10,0
141519121,82308,3.0,True,False,False,False,False,Beginner NBA Tiers $3 50-50,27.0,NBA,2023-02-16 00:00:00+00:00,3.0,10,0
141519122,82308,1.0,True,False,False,False,False,Beginner NBA Tiers $1 50-50,9.0,NBA,2023-02-16 00:00:00+00:00,1.0,10,0
141519129,82308,10600.0,False,False,False,False,False,"NBA Tiers $10,600 3-Player",30000.0,NBA,2023-02-16 00:00:00+00:00,10600.0,3,0
141519130,82308,5300.0,False,False,False,False,False,"NBA Tiers $5,300 3-Player",15000.0,NBA,2023-02-16 00:00:00+00:00,5300.0,3,0
141519086,82308,5300.0,True,False,False,False,False,"NBA Tiers $5,300 50-50",20000.0,NBA,2023-02-16 00:00:00+00:00,5300.0,4,0
141519087,82308,1060.0,True,False,False,False,False,"NBA Tiers $1,060 50-50",4000.0,NBA,2023-02-16 00:00:00+00:00,1060.0,4,0
141535042,82308,1060.0,False,False,False,False,False,"NBA Tiers $1,060 3-Player",3000.0,NBA,2023-02-16 00:00:00+00:00,1060.0,3,0
141519088,82308,530.0,True,False,False,False,False,NBA Tiers $530 50-50,2000.0,NBA,2023-02-16 00:00:00+00:00,530.0,4,0
141535043,82308,530.0,False,False,False,False,False,NBA Tiers $530 3-Player,1500.0,NBA,2023-02-16 00:00:00+00:00,530.0,3,0
141519089,82308,162.0,True,False,False,False,False,NBA Tiers $162 50-50,600.0,NBA,2023-02-16 00:00:00+00:00,162.0,4,0
141535044,82308,162.0,False,False,False,False,False,NBA Tiers $162 3-Player,450.0,NBA,2023-02-16 00:00:00+00:00,162.0,3,0
141519172,82308,109.0,True,False,False,False,False,NBA Tiers $109 50-50,600.0,NBA,2023-02-16 00:00:00+00:00,109.0,6,0
141519090,82308,109.0,True,False,False,False,False,NBA Tiers $109 50-50,400.0,NBA,2023-02-16 00:00:00+00:00,109.0,4,0
141535045,82308,109.0,False,False,False,False,False,NBA Tiers $109 3-Player,300.0,NBA,2023-02-16 00:00:00+00:00,109.0,3,0
141535046,82308,109.0,False,False,False,False,False,NBA Tiers $109 3-Player,300.0,NBA,2023-02-16 00:00:00+00:00,109.0,3,0
141519091,82308,50.0,True,False,False,False,False,NBA Tiers $50 50-50,180.0,NBA,2023-02-16 00:00:00+00:00,50.0,4,0
141519197,82308,50.0,True,False,False,False,False,NBA Tiers $50 Double Up,1000.0,NBA,2023-02-16 00:00:00+00:00,50.0,22,0
141519192,82308,50.0,True,False,False,False,False,NBA Tiers $50 Double Up,500.0,NBA,2023-02-16 00:00:00+00:00,50.0,11,0
141519136,82308,50.0,False,False,False,False,False,NBA Tiers $50 5-Player,225.0,NBA,2023-02-16 00:00:00+00:00,50.0,5,0
141535047,82308,50.0,False,False,False,False,False,NBA Tiers $50 3-Player,135.0,NBA,2023-02-16 00:00:00+00:00,50.0,3,0
141519196,82308,25.0,True,False,False,False,False,NBA Tiers $25 Double Up,500.0,NBA,2023-02-16 00:00:00+00:00,25.0,22,0
141519191,82308,25.0,True,False,False,False,False,NBA Tiers $25 Double Up,250.0,NBA,2023-02-16 00:00:00+00:00,25.0,11,0
141519092,82308,20.0,True,False,False,False,False,NBA Tiers $20 50-50,360.0,NBA,2023-02-16 00:00:00+00:00,20.0,20,0
141519093,82308,20.0,True,False,False,False,False,NBA Tiers $20 50-50,180.0,NBA,2023-02-16 00:00:00+00:00,20.0,10,0
141519094,82308,20.0,True,False,False,False,False,NBA Tiers $20 50-50,72.0,NBA,2023-02-16 00:00:00+00:00,20.0,4,0
141519095,82308,20.0,True,False,False,False,False,NBA Tiers $20 50-50,72.0,NBA,2023-02-16 00:00:00+00:00,20.0,4,0
141519139,82308,20.0,False,False,False,False,False,NBA Tiers $20 5-Player,90.0,NBA,2023-02-16 00:00:00+00:00,20.0,5,0
141533875,82308,20.0,False,False,False,False,False,NBA Tiers $20 5-Player,90.0,NBA,2023-02-16 00:00:00+00:00,20.0,5,0
141535048,82308,20.0,False,False,False,False,False,NBA Tiers $20 3-Player,54.0,NBA,2023-02-16 00:00:00+00:00,20.0,3,0
141535049,82308,20.0,False,False,False,False,False,NBA Tiers $20 3-Player,54.0,NBA,2023-02-16 00:00:00+00:00,20.0,3,0
141535050,82308,20.0,False,False,False,False,False,NBA Tiers $20 3-Player,54.0,NBA,2023-02-16 00:00:00+00:00,20.0,3,0
141519096,82308,10.0,True,False,False,False,False,NBA Tiers $10 50-50,180.0,NBA,2023-02-16 00:00:00+00:00,10.0,20,0
141519097,82308,10.0,True,False,False,False,False,NBA Tiers $10 50-50,90.0,NBA,2023-02-16 00:00:00+00:00,10.0,10,0
141519098,82308,10.0,True,False,False,False,False,NBA Tiers $10 50-50,90.0,NBA,2023-02-16 00:00:00+00:00,10.0,10,0
141519190,82308,10.0,True,False,False,False,False,NBA Tiers $10 Double Up,100.0,NBA,2023-02-16 00:00:00+00:00,10.0,11,0
141519099,82308,10.0,True,False,False,False,False,NBA Tiers $10 50-50,36.0,NBA,2023-02-16 00:00:00+00:00,10.0,4,0
141519100,82308,10.0,True,False,False,False,False,NBA Tiers $10 50-50,36.0,NBA,2023-02-16 00:00:00+00:00,10.0,4,0
141519101,82308,10.0,True,False,False,False,False,NBA Tiers $10 50-50,36.0,NBA,2023-02-16 00:00:00+00:00,10.0,4,0
141519143,82308,10.0,False,False,False,False,False,NBA Tiers $10 10-Player,90.0,NBA,2023-02-16 00:00:00+00:00,10.0,10,0
141519144,82308,10.0,False,False,False,False,False,NBA Tiers $10 5-Player,45.0,NBA,2023-02-16 00:00:00+00:00,10.0,5,0
141519145,82308,10.0,False,False,False,False,False,NBA Tiers $10 5-Player,45.0,NBA,2023-02-16 00:00:00+00:00,10.0,5,0
141535051,82308,10.0,False,False,False,False,False,NBA Tiers $10 3-Player,27.0,NBA,2023-02-16 00:00:00+00:00,10.0,3,0
141535052,82308,10.0,False,False,False,False,False,NBA Tiers $10 3-Player,27.0,NBA,2023-02-16 00:00:00+00:00,10.0,3,0
141535053,82308,10.0,False,False,False,False,False,NBA Tiers $10 3-Player,27.0,NBA,2023-02-16 00:00:00+00:00,10.0,3,0
141519102,82308,5.0,True,False,False,False,False,NBA Tiers $5 50-50,90.0,NBA,2023-02-16 00:00:00+00:00,5.0,20,0
141519103,82308,5.0,True,False,False,False,False,NBA Tiers $5 50-50,90.0,NBA,2023-02-16 00:00:00+00:00,5.0,20,0
141538837,82308,5.0,True,False,False,False,False,NBA Tiers $5 50-50,90.0,NBA,2023-02-16 00:00:00+00:00,5.0,20,0
141519104,82308,5.0,True,False,False,False,False,NBA Tiers $5 50-50,45.0,NBA,2023-02-16 00:00:00+00:00,5.0,10,0
141519105,82308,5.0,True,False,False,False,False,NBA Tiers $5 50-50,45.0,NBA,2023-02-16 00:00:00+00:00,5.0,10,0
141519106,82308,5.0,True,False,False,False,False,NBA Tiers $5 50-50,45.0,NBA,2023-02-16 00:00:00+00:00,5.0,10,0
141519193,82308,5.0,True,False,False,False,False,NBA Tiers $5 Double Up,50.0,NBA,2023-02-16 00:00:00+00:00,5.0,11,0
141519149,82308,5.0,False,False,False,False,False,NBA Tiers $5 10-Player,45.0,NBA,2023-02-16 00:00:00+00:00,5.0,10,0
141519150,82308,5.0,False,False,False,False,False,NBA Tiers $5 10-Player,45.0,NBA,2023-02-16 00:00:00+00:00,5.0,10,0
141519151,82308,5.0,False,False,False,False,False,NBA Tiers $5 5-Player,22.5,NBA,2023-02-16 00:00:00+00:00,5.0,5,0
141519152,82308,5.0,False,False,False,False,False,NBA Tiers $5 5-Player,22.5,NBA,2023-02-16 00:00:00+00:00,5.0,5,0
141519153,82308,5.0,False,False,False,False,False,NBA Tiers $5 5-Player,22.5,NBA,2023-02-16 00:00:00+00:00,5.0,5,0
141535054,82308,5.0,False,False,False,False,False,NBA Tiers $5 3-Player,13.5,NBA,2023-02-16 00:00:00+00:00,5.0,3,0
141535055,82308,5.0,False,False,False,False,False,NBA Tiers $5 3-Player,13.5,NBA,2023-02-16 00:00:00+00:00,5.0,3,0
141535056,82308,5.0,False,False,False,False,False,NBA Tiers $5 3-Player,13.5,NBA,2023-02-16 00:00:00+00:00,5.0,3,0
141519194,82308,3.0,True,False,False,False,False,NBA Tiers $3 Double Up,30.0,NBA,2023-02-16 00:00:00+00:00,3.0,11,0
141519107,82308,2.0,True,False,False,False,False,NBA Tiers $2 50-50,36.0,NBA,2023-02-16 00:00:00+00:00,2.0,20,0
141519108,82308,2.0,True,False,False,False,False,NBA Tiers $2 50-50,36.0,NBA,2023-02-16 00:00:00+00:00,2.0,20,0
141519109,82308,2.0,True,False,False,False,False,NBA Tiers $2 50-50,18.0,NBA,2023-02-16 00:00:00+00:00,2.0,10,0
141519110,82308,2.0,True,False,False,False,False,NBA Tiers $2 50-50,18.0,NBA,2023-02-16 00:00:00+00:00,2.0,10,0
141519111,82308,2.0,True,False,False,False,False,NBA Tiers $2 50-50,18.0,NBA,2023-02-16 00:00:00+00:00,2.0,10,0
141519157,82308,2.0,False,False,False,False,False,NBA Tiers $2 20-Player,36.0,NBA,2023-02-16 00:00:00+00:00,2.0,20,0
141519158,82308,2.0,False,False,False,False,False,NBA Tiers $2 20-Player,36.0,NBA,2023-02-16 00:00:00+00:00,2.0,20,0
141519159,82308,2.0,False,False,False,False,False,NBA Tiers $2 10-Player,18.0,NBA,2023-02-16 00:00:00+00:00,2.0,10,0
141519160,82308,2.0,False,False,False,False,False,NBA Tiers $2 10-Player,18.0,NBA,2023-02-16 00:00:00+00:00,2.0,10,0
141519161,82308,2.0,False,False,False,False,False,NBA Tiers $2 10-Player,18.0,NBA,2023-02-16 00:00:00+00:00,2.0,10,0
141519162,82308,2.0,False,False,False,False,False,NBA Tiers $2 5-Player,9.0,NBA,2023-02-16 00:00:00+00:00,2.0,5,0
141519163,82308,2.0,False,False,False,False,False,NBA Tiers $2 5-Player,9.0,NBA,2023-02-16 00:00:00+00:00,2.0,5,0
141519164,82308,2.0,False,False,False,False,False,NBA Tiers $2 5-Player,9.0,NBA,2023-02-16 00:00:00+00:00,2.0,5,0
141519165,82308,2.0,False,False,False,False,False,NBA Tiers $2 3-Player,5.4,NBA,2023-02-16 00:00:00+00:00,2.0,3,0
141519166,82308,2.0,False,False,False,False,False,NBA Tiers $2 3-Player,5.4,NBA,2023-02-16 00:00:00+00:00,2.0,3,0
141519167,82308,2.0,False,False,False,False,False,NBA Tiers $2 3-Player,5.4,NBA,2023-02-16 00:00:00+00:00,2.0,3,0
141536268,82308,1.0,True,False,False,False,False,NBA Tiers $1 50-50,18.0,NBA,2023-02-16 00:00:00+00:00,1.0,20,0
141536269,82308,1.0,True,False,False,False,False,NBA Tiers $1 50-50,18.0,NBA,2023-02-16 00:00:00+00:00,1.0,20,0
141536270,82308,1.0,True,False,False,False,False,NBA Tiers $1 50-50,9.0,NBA,2023-02-16 00:00:00+00:00,1.0,10,0
141536271,82308,1.0,True,False,False,False,False,NBA Tiers $1 50-50,9.0,NBA,2023-02-16 00:00:00+00:00,1.0,10,0
141536272,82308,1.0,True,False,False,False,False,NBA Tiers $1 50-50,9.0,NBA,2023-02-16 00:00:00+00:00,1.0,10,0
141536277,82308,1.0,True,False,False,False,False,NBA Tiers $1 Double Up,10.0,NBA,2023-02-16 00:00:00+00:00,1.0,11,0
141536273,82308,1.0,False,False,False,False,False,NBA Tiers $1 10-Player,9.0,NBA,2023-02-16 00:00:00+00:00,1.0,10,0
141536274,82308,1.0,False,False,False,False,False,NBA Tiers $1 5-Player,4.5,NBA,2023-02-16 00:00:00+00:00,1.0,5,0
141536275,82308,1.0,False,False,False,False,False,NBA Tiers $1 3-Player,2.7,NBA,2023-02-16 00:00:00+00:00,1.0,3,0
141536276,82308,1.0,False,False,False,False,False,NBA Tiers $1 3-Player,2.7,NBA,2023-02-16 00:00:00+00:00,1.0,3,0
141519173,82308,10600.0,False,False,False,False,False,"NBA Tiers $10,600 4-Player (Winner Takes All)",40000.0,NBA,2023-02-16 00:00:00+00:00,10600.0,4,0
141519174,82308,10600.0,False,False,False,False,False,"NBA Tiers $10,600 4-Player (Winner Takes All)",40000.0,NBA,2023-02-16 00:00:00+00:00,10600.0,4,0
141519175,82308,10600.0,False,False,False,False,False,"NBA Tiers $10,600 4-Player (Winner Takes All)",40000.0,NBA,2023-02-16 00:00:00+00:00,10600.0,4,0
141519062,82423,3.0,True,False,False,False,False,NBA Showdown $3 Double Up (CHI vs IND),30.0,NBA,2023-02-16 00:00:00+00:00,3.0,11,1
141518980,82423,1.0,True,False,False,False,False,NBA Showdown $1 50-50 (CHI vs IND),18.0,NBA,2023-02-16 00:00:00+00:00,1.0,20,1
141518981,82423,1.0,True,False,False,False,False,NBA Showdown $1 50-50 (CHI vs IND),18.0,NBA,2023-02-16 00:00:00+00:00,1.0,20,1
141518982,82423,1.0,True,False,False,False,False,NBA Showdown $1 50-50 (CHI vs IND),9.0,NBA,2023-02-16 00:00:00+00:00,1.0,10,1
141518983,82423,1.0,True,False,False,False,False,NBA Showdown $1 50-50 (CHI vs IND),9.0,NBA,2023-02-16 00:00:00+00:00,1.0,10,1
141518984,82423,1.0,True,False,False,False,False,NBA Showdown $1 50-50 (CHI vs IND),9.0,NBA,2023-02-16 00:00:00+00:00,1.0,10,1
141519063,82423,1.0,True,False,False,False,False,NBA Showdown $1 Double Up (CHI vs IND),10.0,NBA,2023-02-16 00:00:00+00:00,1.0,11,1
141536567,82423,1.0,False,False,False,False,False,NBA Showdown $1 30-Player (Winner Takes All) (CHI vs IND),27.0,NBA,2023-02-16 00:00:00+00:00,1.0,30,1
141519036,82423,1.0,False,False,False,False,False,NBA Showdown $1 10-Player (CHI vs IND),9.0,NBA,2023-02-16 00:00:00+00:00,1.0,10,1
141519037,82423,1.0,False,False,False,False,False,NBA Showdown $1 5-Player (CHI vs IND),4.5,NBA,2023-02-16 00:00:00+00:00,1.0,5,1
141519038,82423,1.0,False,False,False,False,False,NBA Showdown $1 3-Player (CHI vs IND),2.7,NBA,2023-02-16 00:00:00+00:00,1.0,3,2
141519039,82423,1.0,False,False,False,False,False,NBA Showdown $1 3-Player (CHI vs IND),2.7,NBA,2023-02-16 00:00:00+00:00,1.0,3,1
141533125,82423,1.0,False,False,False,False,False,NBA Showdown $1 3-Player (CHI vs IND),2.7,NBA,2023-02-16 00:00:00+00:00,1.0,3,1
141519070,82423,8.0,False,False,False,False,True,NBA Showdown Satellite to NAS 2-19 Fantasy Racing Millionaire [Must Fill] (CHI vs IND),36.0,NBA,2023-02-16 00:00:00+00:00,8.0,5,0
141518993,82423,5.0,False,False,False,False,False,Beginner NBA Showdown $5 3-Player (CHI vs IND),13.5,NBA,2023-02-16 00:00:00+00:00,5.0,3,0
141519057,82423,109.0,False,False,False,False,False,Casual NBA Showdown $109 5-Player (CHI vs IND),500.0,NBA,2023-02-16 00:00:00+00:00,109.0,5,0
141519051,82423,50.0,False,False,False,False,False,Casual NBA Showdown $50 3-Player (CHI vs IND),135.0,NBA,2023-02-16 00:00:00+00:00,50.0,3,0
141519052,82423,20.0,False,False,False,False,False,Casual NBA Showdown $20 3-Player (CHI vs IND),54.0,NBA,2023-02-16 00:00:00+00:00,20.0,3,0
141519053,82423,10.0,False,False,False,False,False,Casual NBA Showdown $10 5-Player (CHI vs IND),45.0,NBA,2023-02-16 00:00:00+00:00,10.0,5,0
141519054,82423,10.0,False,False,False,False,False,Casual NBA Showdown $10 3-Player (CHI vs IND),27.0,NBA,2023-02-16 00:00:00+00:00,10.0,3,0
141519055,82423,2.0,False,False,False,False,False,Casual NBA Showdown $2 5-Player (CHI vs IND),9.0,NBA,2023-02-16 00:00:00+00:00,2.0,5,0
141519056,82423,2.0,False,False,False,False,False,Casual NBA Showdown $2 3-Player (CHI vs IND),5.4,NBA,2023-02-16 00:00:00+00:00,2.0,3,0
141519046,82423,10.0,True,False,False,False,False,Casual NBA Showdown $10 50-50 (CHI vs IND),90.0,NBA,2023-02-16 00:00:00+00:00,10.0,10,0
141519047,82423,5.0,True,False,False,False,False,Casual NBA Showdown $5 50-50 (CHI vs IND),45.0,NBA,2023-02-16 00:00:00+00:00,5.0,10,0
141519050,82423,1.0,True,False,False,False,False,Casual NBA Showdown $1 50-50 (CHI vs IND),9.0,NBA,2023-02-16 00:00:00+00:00,1.0,10,0
141519048,82423,3.0,True,False,False,False,False,Casual NBA Showdown $3 50-50 (CHI vs IND),27.0,NBA,2023-02-16 00:00:00+00:00,3.0,10,0
141519044,82423,50.0,True,False,False,False,False,Casual NBA Showdown $50 50-50 (CHI vs IND),180.0,NBA,2023-02-16 00:00:00+00:00,50.0,4,0
141519045,82423,20.0,True,False,False,False,False,Casual NBA Showdown $20 50-50 (CHI vs IND),72.0,NBA,2023-02-16 00:00:00+00:00,20.0,4,0
141519049,82423,3.0,True,False,False,False,False,Casual NBA Showdown $3 50-50 (CHI vs IND),10.8,NBA,2023-02-16 00:00:00+00:00,3.0,4,0
141518950,82423,50.0,False,False,False,False,False,Beginner NBA Showdown $50 3-Player (CHI vs IND),135.0,NBA,2023-02-16 00:00:00+00:00,50.0,3,0
141518949,82423,20.0,False,False,False,False,False,Beginner NBA Showdown $20 3-Player (CHI vs IND),54.0,NBA,2023-02-16 00:00:00+00:00,20.0,3,0
141518951,82423,10.0,False,False,False,False,False,Beginner NBA Showdown $10 3-Player (CHI vs IND),27.0,NBA,2023-02-16 00:00:00+00:00,10.0,3,0
141518952,82423,5.0,False,False,False,False,False,Beginner NBA Showdown $5 3-Player (CHI vs IND),13.5,NBA,2023-02-16 00:00:00+00:00,5.0,3,0
141518995,82423,2.0,False,False,False,False,False,Beginner NBA Showdown $2 3-Player (CHI vs IND),5.4,NBA,2023-02-16 00:00:00+00:00,2.0,3,0
141518953,82423,1.0,False,False,False,False,False,Beginner NBA Showdown $1 3-Player (CHI vs IND),2.7,NBA,2023-02-16 00:00:00+00:00,1.0,3,0
141518991,82423,10.0,False,False,False,False,False,Beginner NBA Showdown $10 5-Player (CHI vs IND),45.0,NBA,2023-02-16 00:00:00+00:00,10.0,5,0
141518992,82423,5.0,False,False,False,False,False,Beginner NBA Showdown $5 5-Player (CHI vs IND),22.5,NBA,2023-02-16 00:00:00+00:00,5.0,5,0
141518994,82423,2.0,False,False,False,False,False,Beginner NBA Showdown $2 5-Player (CHI vs IND),9.0,NBA,2023-02-16 00:00:00+00:00,2.0,5,0
141518996,82423,1.0,False,False,False,False,False,Beginner NBA Showdown $1 5-Player (CHI vs IND),4.5,NBA,2023-02-16 00:00:00+00:00,1.0,5,0
141518985,82423,50.0,True,False,False,False,False,Beginner NBA Showdown $50 50-50 (CHI vs IND),180.0,NBA,2023-02-16 00:00:00+00:00,50.0,4,0
141518986,82423,20.0,True,False,False,False,False,Beginner NBA Showdown $20 50-50 (CHI vs IND),72.0,NBA,2023-02-16 00:00:00+00:00,20.0,4,0
141518987,82423,10.0,True,False,False,False,False,Beginner NBA Showdown $10 50-50 (CHI vs IND),90.0,NBA,2023-02-16 00:00:00+00:00,10.0,10,0
141518988,82423,5.0,True,False,False,False,False,Beginner NBA Showdown $5 50-50 (CHI vs IND),45.0,NBA,2023-02-16 00:00:00+00:00,5.0,10,0
141518989,82423,3.0,True,False,False,False,False,Beginner NBA Showdown $3 50-50 (CHI vs IND),27.0,NBA,2023-02-16 00:00:00+00:00,3.0,10,0
141518990,82423,1.0,True,False,False,False,False,Beginner NBA Showdown $1 50-50 (CHI vs IND),9.0,NBA,2023-02-16 00:00:00+00:00,1.0,10,0
141518997,82423,10600.0,False,False,False,False,False,"NBA Showdown $10,600 3-Player (CHI vs IND)",30000.0,NBA,2023-02-16 00:00:00+00:00,10600.0,3,0
141518998,82423,5300.0,False,False,False,False,False,"NBA Showdown $5,300 3-Player (CHI vs IND)",15000.0,NBA,2023-02-16 00:00:00+00:00,5300.0,3,0
141518954,82423,5300.0,True,False,False,False,False,"NBA Showdown $5,300 50-50 (CHI vs IND)",20000.0,NBA,2023-02-16 00:00:00+00:00,5300.0,4,0
141518955,82423,1060.0,True,False,False,False,False,"NBA Showdown $1,060 50-50 (CHI vs IND)",4000.0,NBA,2023-02-16 00:00:00+00:00,1060.0,4,0
141518999,82423,1060.0,False,False,False,False,False,"NBA Showdown $1,060 3-Player (CHI vs IND)",3000.0,NBA,2023-02-16 00:00:00+00:00,1060.0,3,0
141518956,82423,530.0,True,False,False,False,False,NBA Showdown $530 50-50 (CHI vs IND),2000.0,NBA,2023-02-16 00:00:00+00:00,530.0,4,0
141519000,82423,530.0,False,False,False,False,False,NBA Showdown $530 3-Player (CHI vs IND),1500.0,NBA,2023-02-16 00:00:00+00:00,530.0,3,0
141518957,82423,162.0,True,False,False,False,False,NBA Showdown $162 50-50 (CHI vs IND),600.0,NBA,2023-02-16 00:00:00+00:00,162.0,4,0
141519001,82423,162.0,False,False,False,False,False,NBA Showdown $162 3-Player (CHI vs IND),450.0,NBA,2023-02-16 00:00:00+00:00,162.0,3,0
141519040,82423,109.0,True,False,False,False,False,NBA Showdown $109 50-50 (CHI vs IND),600.0,NBA,2023-02-16 00:00:00+00:00,109.0,6,0
141518958,82423,109.0,True,False,False,False,False,NBA Showdown $109 50-50 (CHI vs IND),400.0,NBA,2023-02-16 00:00:00+00:00,109.0,4,0
141519002,82423,109.0,False,False,False,False,False,NBA Showdown $109 3-Player (CHI vs IND),300.0,NBA,2023-02-16 00:00:00+00:00,109.0,3,0
141519003,82423,109.0,False,False,False,False,False,NBA Showdown $109 3-Player (CHI vs IND),300.0,NBA,2023-02-16 00:00:00+00:00,109.0,3,0
141518959,82423,50.0,True,False,False,False,False,NBA Showdown $50 50-50 (CHI vs IND),180.0,NBA,2023-02-16 00:00:00+00:00,50.0,4,0
141519065,82423,50.0,True,False,False,False,False,NBA Showdown $50 Double Up (CHI vs IND),1000.0,NBA,2023-02-16 00:00:00+00:00,50.0,22,0
141519060,82423,50.0,True,False,False,False,False,NBA Showdown $50 Double Up (CHI vs IND),500.0,NBA,2023-02-16 00:00:00+00:00,50.0,11,0
141519004,82423,50.0,False,False,False,False,False,NBA Showdown $50 5-Player (CHI vs IND),225.0,NBA,2023-02-16 00:00:00+00:00,50.0,5,0
141519005,82423,50.0,False,False,False,False,False,NBA Showdown $50 3-Player (CHI vs IND),135.0,NBA,2023-02-16 00:00:00+00:00,50.0,3,0
141519064,82423,25.0,True,False,False,False,False,NBA Showdown $25 Double Up (CHI vs IND),500.0,NBA,2023-02-16 00:00:00+00:00,25.0,22,0
141519059,82423,25.0,True,False,False,False,False,NBA Showdown $25 Double Up (CHI vs IND),250.0,NBA,2023-02-16 00:00:00+00:00,25.0,11,0
141518960,82423,20.0,True,False,False,False,False,NBA Showdown $20 50-50 (CHI vs IND),360.0,NBA,2023-02-16 00:00:00+00:00,20.0,20,0
141518961,82423,20.0,True,False,False,False,False,NBA Showdown $20 50-50 (CHI vs IND),180.0,NBA,2023-02-16 00:00:00+00:00,20.0,10,0
141518962,82423,20.0,True,False,False,False,False,NBA Showdown $20 50-50 (CHI vs IND),72.0,NBA,2023-02-16 00:00:00+00:00,20.0,4,0
141518963,82423,20.0,True,False,False,False,False,NBA Showdown $20 50-50 (CHI vs IND),72.0,NBA,2023-02-16 00:00:00+00:00,20.0,4,0
141519006,82423,20.0,False,False,False,False,False,NBA Showdown $20 5-Player (CHI vs IND),90.0,NBA,2023-02-16 00:00:00+00:00,20.0,5,0
141519007,82423,20.0,False,False,False,False,False,NBA Showdown $20 5-Player (CHI vs IND),90.0,NBA,2023-02-16 00:00:00+00:00,20.0,5,0
141519008,82423,20.0,False,False,False,False,False,NBA Showdown $20 3-Player (CHI vs IND),54.0,NBA,2023-02-16 00:00:00+00:00,20.0,3,0
141519009,82423,20.0,False,False,False,False,False,NBA Showdown $20 3-Player (CHI vs IND),54.0,NBA,2023-02-16 00:00:00+00:00,20.0,3,0
141519010,82423,20.0,False,False,False,False,False,NBA Showdown $20 3-Player (CHI vs IND),54.0,NBA,2023-02-16 00:00:00+00:00,20.0,3,0
141518964,82423,10.0,True,False,False,False,False,NBA Showdown $10 50-50 (CHI vs IND),180.0,NBA,2023-02-16 00:00:00+00:00,10.0,20,0
141518965,82423,10.0,True,False,False,False,False,NBA Showdown $10 50-50 (CHI vs IND),90.0,NBA,2023-02-16 00:00:00+00:00,10.0,10,0
141518966,82423,10.0,True,False,False,False,False,NBA Showdown $10 50-50 (CHI vs IND),90.0,NBA,2023-02-16 00:00:00+00:00,10.0,10,0
141519058,82423,10.0,True,False,False,False,False,NBA Showdown $10 Double Up (CHI vs IND),100.0,NBA,2023-02-16 00:00:00+00:00,10.0,11,0
141518967,82423,10.0,True,False,False,False,False,NBA Showdown $10 50-50 (CHI vs IND),36.0,NBA,2023-02-16 00:00:00+00:00,10.0,4,0
141518968,82423,10.0,True,False,False,False,False,NBA Showdown $10 50-50 (CHI vs IND),36.0,NBA,2023-02-16 00:00:00+00:00,10.0,4,0
141518969,82423,10.0,True,False,False,False,False,NBA Showdown $10 50-50 (CHI vs IND),36.0,NBA,2023-02-16 00:00:00+00:00,10.0,4,0
141519011,82423,10.0,False,False,False,False,False,NBA Showdown $10 10-Player (CHI vs IND),90.0,NBA,2023-02-16 00:00:00+00:00,10.0,10,0
141519012,82423,10.0,False,False,False,False,False,NBA Showdown $10 5-Player (CHI vs IND),45.0,NBA,2023-02-16 00:00:00+00:00,10.0,5,0
141519013,82423,10.0,False,False,False,False,False,NBA Showdown $10 5-Player (CHI vs IND),45.0,NBA,2023-02-16 00:00:00+00:00,10.0,5,0
141519014,82423,10.0,False,False,False,False,False,NBA Showdown $10 3-Player (CHI vs IND),27.0,NBA,2023-02-16 00:00:00+00:00,10.0,3,0
141519015,82423,10.0,False,False,False,False,False,NBA Showdown $10 3-Player (CHI vs IND),27.0,NBA,2023-02-16 00:00:00+00:00,10.0,3,0
141519016,82423,10.0,False,False,False,False,False,NBA Showdown $10 3-Player (CHI vs IND),27.0,NBA,2023-02-16 00:00:00+00:00,10.0,3,0
141518970,82423,5.0,True,False,False,False,False,NBA Showdown $5 50-50 (CHI vs IND),90.0,NBA,2023-02-16 00:00:00+00:00,5.0,20,0
141518971,82423,5.0,True,False,False,False,False,NBA Showdown $5 50-50 (CHI vs IND),90.0,NBA,2023-02-16 00:00:00+00:00,5.0,20,0
141518972,82423,5.0,True,False,False,False,False,NBA Showdown $5 50-50 (CHI vs IND),45.0,NBA,2023-02-16 00:00:00+00:00,5.0,10,0
141518973,82423,5.0,True,False,False,False,False,NBA Showdown $5 50-50 (CHI vs IND),45.0,NBA,2023-02-16 00:00:00+00:00,5.0,10,0
141518974,82423,5.0,True,False,False,False,False,NBA Showdown $5 50-50 (CHI vs IND),45.0,NBA,2023-02-16 00:00:00+00:00,5.0,10,0
141519061,82423,5.0,True,False,False,False,False,NBA Showdown $5 Double Up (CHI vs IND),50.0,NBA,2023-02-16 00:00:00+00:00,5.0,11,0
141519017,82423,5.0,False,False,False,False,False,NBA Showdown $5 10-Player (CHI vs IND),45.0,NBA,2023-02-16 00:00:00+00:00,5.0,10,0
141519018,82423,5.0,False,False,False,False,False,NBA Showdown $5 10-Player (CHI vs IND),45.0,NBA,2023-02-16 00:00:00+00:00,5.0,10,0
141519019,82423,5.0,False,False,False,False,False,NBA Showdown $5 5-Player (CHI vs IND),22.5,NBA,2023-02-16 00:00:00+00:00,5.0,5,0
141519020,82423,5.0,False,False,False,False,False,NBA Showdown $5 5-Player (CHI vs IND),22.5,NBA,2023-02-16 00:00:00+00:00,5.0,5,0
141519021,82423,5.0,False,False,False,False,False,NBA Showdown $5 5-Player (CHI vs IND),22.5,NBA,2023-02-16 00:00:00+00:00,5.0,5,0
141519022,82423,5.0,False,False,False,False,False,NBA Showdown $5 3-Player (CHI vs IND),13.5,NBA,2023-02-16 00:00:00+00:00,5.0,3,0
141519023,82423,5.0,False,False,False,False,False,NBA Showdown $5 3-Player (CHI vs IND),13.5,NBA,2023-02-16 00:00:00+00:00,5.0,3,0
141519024,82423,5.0,False,False,False,False,False,NBA Showdown $5 3-Player (CHI vs IND),13.5,NBA,2023-02-16 00:00:00+00:00,5.0,3,0
141539318,82423,3.0,True,False,False,False,False,NBA Showdown $3 Double Up (CHI vs IND),30.0,NBA,2023-02-16 00:00:00+00:00,3.0,11,0
141518975,82423,2.0,True,False,False,False,False,NBA Showdown $2 50-50 (CHI vs IND),36.0,NBA,2023-02-16 00:00:00+00:00,2.0,20,0
141518976,82423,2.0,True,False,False,False,False,NBA Showdown $2 50-50 (CHI vs IND),36.0,NBA,2023-02-16 00:00:00+00:00,2.0,20,0
141518977,82423,2.0,True,False,False,False,False,NBA Showdown $2 50-50 (CHI vs IND),18.0,NBA,2023-02-16 00:00:00+00:00,2.0,10,0
141518978,82423,2.0,True,False,False,False,False,NBA Showdown $2 50-50 (CHI vs IND),18.0,NBA,2023-02-16 00:00:00+00:00,2.0,10,0
141518979,82423,2.0,True,False,False,False,False,NBA Showdown $2 50-50 (CHI vs IND),18.0,NBA,2023-02-16 00:00:00+00:00,2.0,10,0
141519025,82423,2.0,False,False,False,False,False,NBA Showdown $2 20-Player (CHI vs IND),36.0,NBA,2023-02-16 00:00:00+00:00,2.0,20,0
141519026,82423,2.0,False,False,False,False,False,NBA Showdown $2 20-Player (CHI vs IND),36.0,NBA,2023-02-16 00:00:00+00:00,2.0,20,0
141519027,82423,2.0,False,False,False,False,False,NBA Showdown $2 10-Player (CHI vs IND),18.0,NBA,2023-02-16 00:00:00+00:00,2.0,10,0
141519028,82423,2.0,False,False,False,False,False,NBA Showdown $2 10-Player (CHI vs IND),18.0,NBA,2023-02-16 00:00:00+00:00,2.0,10,0
141519029,82423,2.0,False,False,False,False,False,NBA Showdown $2 10-Player (CHI vs IND),18.0,NBA,2023-02-16 00:00:00+00:00,2.0,10,0
141519030,82423,2.0,False,False,False,False,False,NBA Showdown $2 5-Player (CHI vs IND),9.0,NBA,2023-02-16 00:00:00+00:00,2.0,5,0
141519031,82423,2.0,False,False,False,False,False,NBA Showdown $2 5-Player (CHI vs IND),9.0,NBA,2023-02-16 00:00:00+00:00,2.0,5,0
141519032,82423,2.0,False,False,False,False,False,NBA Showdown $2 5-Player (CHI vs IND),9.0,NBA,2023-02-16 00:00:00+00:00,2.0,5,0
141519033,82423,2.0,False,False,False,False,False,NBA Showdown $2 3-Player (CHI vs IND),5.4,NBA,2023-02-16 00:00:00+00:00,2.0,3,0
141519034,82423,2.0,False,False,False,False,False,NBA Showdown $2 3-Player (CHI vs IND),5.4,NBA,2023-02-16 00:00:00+00:00,2.0,3,0
141519035,82423,2.0,False,False,False,False,False,NBA Showdown $2 3-Player (CHI vs IND),5.4,NBA,2023-02-16 00:00:00+00:00,2.0,3,0
141536112,82423,1.0,True,False,False,False,False,NBA Showdown $1 50-50 (CHI vs IND),18.0,NBA,2023-02-16 00:00:00+00:00,1.0,20,0
141536113,82423,1.0,True,False,False,False,False,NBA Showdown $1 50-50 (CHI vs IND),18.0,NBA,2023-02-16 00:00:00+00:00,1.0,20,0
141536114,82423,1.0,True,False,False,False,False,NBA Showdown $1 50-50 (CHI vs IND),9.0,NBA,2023-02-16 00:00:00+00:00,1.0,10,0
141536115,82423,1.0,True,False,False,False,False,NBA Showdown $1 50-50 (CHI vs IND),9.0,NBA,2023-02-16 00:00:00+00:00,1.0,10,0
141536116,82423,1.0,True,False,False,False,False,NBA Showdown $1 50-50 (CHI vs IND),9.0,NBA,2023-02-16 00:00:00+00:00,1.0,10,0
141536121,82423,1.0,True,False,False,False,False,NBA Showdown $1 Double Up (CHI vs IND),10.0,NBA,2023-02-16 00:00:00+00:00,1.0,11,0
141536117,82423,1.0,False,False,False,False,False,NBA Showdown $1 10-Player (CHI vs IND),9.0,NBA,2023-02-16 00:00:00+00:00,1.0,10,0
141536118,82423,1.0,False,False,False,False,False,NBA Showdown $1 5-Player (CHI vs IND),4.5,NBA,2023-02-16 00:00:00+00:00,1.0,5,0
141536119,82423,1.0,False,False,False,False,False,NBA Showdown $1 3-Player (CHI vs IND),2.7,NBA,2023-02-16 00:00:00+00:00,1.0,3,0
141536120,82423,1.0,False,False,False,False,False,NBA Showdown $1 3-Player (CHI vs IND),2.7,NBA,2023-02-16 00:00:00+00:00,1.0,3,0
141519041,82423,10600.0,False,False,False,False,False,"NBA Showdown $10,600 4-Player (Winner Takes All) (CHI vs IND)",40000.0,NBA,2023-02-16 00:00:00+00:00,10600.0,4,0
141519042,82423,10600.0,False,False,False,False,False,"NBA Showdown $10,600 4-Player (Winner Takes All) (CHI vs IND)",40000.0,NBA,2023-02-16 00:00:00+00:00,10600.0,4,0
141519043,82423,10600.0,False,False,False,False,False,"NBA Showdown $10,600 4-Player (Winner Takes All) (CHI vs IND)",40000.0,NBA,2023-02-16 00:00:00+00:00,10600.0,4,0
141538959,82307,1.0,False,False,False,False,False,NBA Snake $1 3-Player,2.7,NBA,2023-02-16 00:00:00+00:00,1.0,3,2
141535923,82307,1.0,False,False,False,False,False,NBA Snake $1 6-Player,5.4,NBA,2023-02-16 00:00:00+00:00,1.0,6,1
141518285,82307,1.0,False,False,False,False,False,NBA Snake $1 12-Player,10.8,NBA,2023-02-16 00:00:00+00:00,1.0,12,1
141518308,82307,20.0,False,False,False,False,False,NBA Snake $20 3-Player,54.0,NBA,2023-02-16 00:00:00+00:00,20.0,3,2
141518296,82307,20.0,False,False,False,False,False,NBA Snake $20 6-Player,108.0,NBA,2023-02-16 00:00:00+00:00,20.0,6,1
141518288,82307,20.0,False,False,False,False,False,NBA Snake $20 12-Player,216.0,NBA,2023-02-16 00:00:00+00:00,20.0,12,1
141518291,82307,50.0,False,False,False,False,False,NBA Snake $50 3-Player,135.0,NBA,2023-02-16 00:00:00+00:00,50.0,3,1
141518310,82307,109.0,False,False,False,False,False,NBA Snake $109 3-Player,300.0,NBA,2023-02-16 00:00:00+00:00,109.0,3,1
141518298,82307,109.0,False,False,False,False,False,NBA Snake $109 6-Player,600.0,NBA,2023-02-16 00:00:00+00:00,109.0,6,1
141518305,82307,10.0,False,False,False,False,False,NBA Snake $10 3-Player,27.0,NBA,2023-02-16 00:00:00+00:00,10.0,3,0
141518306,82307,10.0,False,False,False,False,False,NBA Snake $10 3-Player,27.0,NBA,2023-02-16 00:00:00+00:00,10.0,3,0
141518307,82307,10.0,False,False,False,False,False,NBA Snake $10 3-Player,27.0,NBA,2023-02-16 00:00:00+00:00,10.0,3,0
141518295,82307,10.0,False,False,False,False,False,NBA Snake $10 6-Player,54.0,NBA,2023-02-16 00:00:00+00:00,10.0,6,0
141518287,82307,10.0,False,False,False,False,False,NBA Snake $10 12-Player,108.0,NBA,2023-02-16 00:00:00+00:00,10.0,12,0
141539353,82307,1.0,False,False,False,False,False,NBA Snake $1 3-Player,2.7,NBA,2023-02-16 00:00:00+00:00,1.0,3,0
141539651,82307,1.0,False,False,False,False,False,NBA Snake $1 3-Player,2.7,NBA,2023-02-16 00:00:00+00:00,1.0,3,0
141518293,82307,1.0,False,False,False,False,False,NBA Snake $1 6-Player,5.4,NBA,2023-02-16 00:00:00+00:00,1.0,6,0
141537002,82307,1.0,False,False,False,False,False,NBA Snake $1 12-Player,10.8,NBA,2023-02-16 00:00:00+00:00,1.0,12,0
141518303,82307,5.0,False,False,False,False,False,NBA Snake $5 3-Player,13.5,NBA,2023-02-16 00:00:00+00:00,5.0,3,0
141518304,82307,5.0,False,False,False,False,False,NBA Snake $5 3-Player,13.5,NBA,2023-02-16 00:00:00+00:00,5.0,3,0
141518294,82307,5.0,False,False,False,False,False,NBA Snake $5 6-Player,27.0,NBA,2023-02-16 00:00:00+00:00,5.0,6,0
141518286,82307,5.0,False,False,False,False,False,NBA Snake $5 12-Player,54.0,NBA,2023-02-16 00:00:00+00:00,5.0,12,0
141537435,82307,20.0,False,False,False,False,False,NBA Snake $20 3-Player,54.0,NBA,2023-02-16 00:00:00+00:00,20.0,3,0
141518290,82307,50.0,False,False,False,False,False,NBA Snake $50 3-Player,135.0,NBA,2023-02-16 00:00:00+00:00,50.0,3,0
141518297,82307,50.0,False,False,False,False,False,NBA Snake $50 6-Player,270.0,NBA,2023-02-16 00:00:00+00:00,50.0,6,0
141518289,82307,50.0,False,False,False,False,False,NBA Snake $50 12-Player,540.0,NBA,2023-02-16 00:00:00+00:00,50.0,12,0
141518311,82307,109.0,False,False,False,False,False,NBA Snake $109 3-Player,300.0,NBA,2023-02-16 00:00:00+00:00,109.0,3,0
141518312,82307,530.0,False,False,False,False,False,NBA Snake $530 3-Player,1500.0,NBA,2023-02-16 00:00:00+00:00,530.0,3,0
141518299,82307,530.0,False,False,False,False,False,NBA Snake $530 6-Player,3000.0,NBA,2023-02-16 00:00:00+00:00,530.0,6,0
141518314,82307,1060.0,False,False,False,False,False,"NBA Snake $1,060 3-Player",3000.0,NBA,2023-02-16 00:00:00+00:00,1060.0,3,0
141518313,82307,2120.0,False,False,False,False,False,"NBA Snake $2,120 3-Player",6000.0,NBA,2023-02-16 00:00:00+00:00,2120.0,3,0
141519393,82310,10600.0,False,False,False,False,False,"NBA $10,600 3-Player (Turbo)",30000.0,NBA,2023-02-16 00:30:00+00:00,10600.0,3,1
141519394,82310,5300.0,False,False,False,False,False,"NBA $5,300 3-Player (Turbo)",15000.0,NBA,2023-02-16 00:30:00+00:00,5300.0,3,1
141519395,82310,1060.0,False,False,False,False,False,"NBA $1,060 3-Player (Turbo)",3000.0,NBA,2023-02-16 00:30:00+00:00,1060.0,3,1
141519396,82310,530.0,False,False,False,False,False,NBA $530 3-Player (Turbo),1500.0,NBA,2023-02-16 00:30:00+00:00,530.0,3,1
141519397,82310,162.0,False,False,False,False,False,NBA $162 3-Player (Turbo),450.0,NBA,2023-02-16 00:30:00+00:00,162.0,3,1
141519398,82310,109.0,False,False,False,False,False,NBA $109 3-Player (Turbo),300.0,NBA,2023-02-16 00:30:00+00:00,109.0,3,1
141519399,82310,109.0,False,False,False,False,False,NBA $109 3-Player (Turbo),300.0,NBA,2023-02-16 00:30:00+00:00,109.0,3,1
141519401,82310,50.0,False,False,False,False,False,NBA $50 3-Player (Turbo),135.0,NBA,2023-02-16 00:30:00+00:00,50.0,3,1
141519404,82310,20.0,False,False,False,False,False,NBA $20 3-Player (Turbo),54.0,NBA,2023-02-16 00:30:00+00:00,20.0,3,1
141519405,82310,20.0,False,False,False,False,False,NBA $20 3-Player (Turbo),54.0,NBA,2023-02-16 00:30:00+00:00,20.0,3,1
141519406,82310,20.0,False,False,False,False,False,NBA $20 3-Player (Turbo),54.0,NBA,2023-02-16 00:30:00+00:00,20.0,3,1
141519410,82310,10.0,False,False,False,False,False,NBA $10 3-Player (Turbo),27.0,NBA,2023-02-16 00:30:00+00:00,10.0,3,1
141519411,82310,10.0,False,False,False,False,False,NBA $10 3-Player (Turbo),27.0,NBA,2023-02-16 00:30:00+00:00,10.0,3,1
141519412,82310,10.0,False,False,False,False,False,NBA $10 3-Player (Turbo),27.0,NBA,2023-02-16 00:30:00+00:00,10.0,3,1
141519418,82310,5.0,False,False,False,False,False,NBA $5 3-Player (Turbo),13.5,NBA,2023-02-16 00:30:00+00:00,5.0,3,1
141519419,82310,5.0,False,False,False,False,False,NBA $5 3-Player (Turbo),13.5,NBA,2023-02-16 00:30:00+00:00,5.0,3,1
141519420,82310,5.0,False,False,False,False,False,NBA $5 3-Player (Turbo),13.5,NBA,2023-02-16 00:30:00+00:00,5.0,3,1
141519376,82310,1.0,True,False,False,False,False,NBA $1 50-50 (Turbo),18.0,NBA,2023-02-16 00:30:00+00:00,1.0,20,1
141519377,82310,1.0,True,False,False,False,False,NBA $1 50-50 (Turbo),18.0,NBA,2023-02-16 00:30:00+00:00,1.0,20,1
141519378,82310,1.0,True,False,False,False,False,NBA $1 50-50 (Turbo),9.0,NBA,2023-02-16 00:30:00+00:00,1.0,10,1
141519379,82310,1.0,True,False,False,False,False,NBA $1 50-50 (Turbo),9.0,NBA,2023-02-16 00:30:00+00:00,1.0,10,1
141519380,82310,1.0,True,False,False,False,False,NBA $1 50-50 (Turbo),9.0,NBA,2023-02-16 00:30:00+00:00,1.0,10,2
141527190,82310,1.0,True,False,False,False,False,NBA $1 50-50 (Turbo),9.0,NBA,2023-02-16 00:30:00+00:00,1.0,10,1
141519459,82310,1.0,True,False,False,False,False,NBA $1 Double Up (Turbo),10.0,NBA,2023-02-16 00:30:00+00:00,1.0,11,1
141537003,82310,1.0,False,False,False,False,False,NBA $1 20-Player (Winner Takes All) (Turbo),18.0,NBA,2023-02-16 00:30:00+00:00,1.0,20,1
141519432,82310,1.0,False,False,False,False,False,NBA $1 10-Player (Turbo),9.0,NBA,2023-02-16 00:30:00+00:00,1.0,10,1
141519433,82310,1.0,False,False,False,False,False,NBA $1 5-Player (Turbo),4.5,NBA,2023-02-16 00:30:00+00:00,1.0,5,1
141519434,82310,1.0,False,False,False,False,False,NBA $1 3-Player (Turbo),2.7,NBA,2023-02-16 00:30:00+00:00,1.0,3,1
141519435,82310,1.0,False,False,False,False,False,NBA $1 3-Player (Turbo),2.7,NBA,2023-02-16 00:30:00+00:00,1.0,3,1
141536015,82310,1.0,False,False,False,False,False,NBA $1 3-Player (Turbo),2.7,NBA,2023-02-16 00:30:00+00:00,1.0,3,1
141523160,82310,0.0,False,False,False,False,False,NBA FREE 200-Player (Turbo),0.0,NBA,2023-02-16 00:30:00+00:00,0.0,200,10
141519466,82310,8.0,False,False,False,False,True,NBA Satellite to NAS 2-19 Fantasy Racing Millionaire [Must Fill] (Turbo),36.0,NBA,2023-02-16 00:30:00+00:00,8.0,5,0
141519389,82310,5.0,False,False,False,False,False,Beginner NBA $5 3-Player (Turbo),13.5,NBA,2023-02-16 00:30:00+00:00,5.0,3,0
141519453,82310,109.0,False,False,False,False,False,Casual NBA $109 5-Player (Turbo),500.0,NBA,2023-02-16 00:30:00+00:00,109.0,5,0
141519447,82310,50.0,False,False,False,False,False,Casual NBA $50 3-Player (Turbo),135.0,NBA,2023-02-16 00:30:00+00:00,50.0,3,0
141519448,82310,20.0,False,False,False,False,False,Casual NBA $20 3-Player (Turbo),54.0,NBA,2023-02-16 00:30:00+00:00,20.0,3,0
141519449,82310,10.0,False,False,False,False,False,Casual NBA $10 5-Player (Turbo),45.0,NBA,2023-02-16 00:30:00+00:00,10.0,5,0
141519450,82310,10.0,False,False,False,False,False,Casual NBA $10 3-Player (Turbo),27.0,NBA,2023-02-16 00:30:00+00:00,10.0,3,0
141519451,82310,2.0,False,False,False,False,False,Casual NBA $2 5-Player (Turbo),9.0,NBA,2023-02-16 00:30:00+00:00,2.0,5,0
141519452,82310,2.0,False,False,False,False,False,Casual NBA $2 3-Player (Turbo),5.4,NBA,2023-02-16 00:30:00+00:00,2.0,3,0
141519442,82310,10.0,True,False,False,False,False,Casual NBA $10 50-50 (Turbo),90.0,NBA,2023-02-16 00:30:00+00:00,10.0,10,0
141519443,82310,5.0,True,False,False,False,False,Casual NBA $5 50-50 (Turbo),45.0,NBA,2023-02-16 00:30:00+00:00,5.0,10,0
141519446,82310,1.0,True,False,False,False,False,Casual NBA $1 50-50 (Turbo),9.0,NBA,2023-02-16 00:30:00+00:00,1.0,10,0
141519444,82310,3.0,True,False,False,False,False,Casual NBA $3 50-50 (Turbo),27.0,NBA,2023-02-16 00:30:00+00:00,3.0,10,0
141519440,82310,50.0,True,False,False,False,False,Casual NBA $50 50-50 (Turbo),180.0,NBA,2023-02-16 00:30:00+00:00,50.0,4,0
141519441,82310,20.0,True,False,False,False,False,Casual NBA $20 50-50 (Turbo),72.0,NBA,2023-02-16 00:30:00+00:00,20.0,4,0
141519445,82310,3.0,True,False,False,False,False,Casual NBA $3 50-50 (Turbo),10.8,NBA,2023-02-16 00:30:00+00:00,3.0,4,0
141519346,82310,50.0,False,False,False,False,False,Beginner NBA $50 3-Player (Turbo),135.0,NBA,2023-02-16 00:30:00+00:00,50.0,3,0
141519345,82310,20.0,False,False,False,False,False,Beginner NBA $20 3-Player (Turbo),54.0,NBA,2023-02-16 00:30:00+00:00,20.0,3,0
141519347,82310,10.0,False,False,False,False,False,Beginner NBA $10 3-Player (Turbo),27.0,NBA,2023-02-16 00:30:00+00:00,10.0,3,0
141519348,82310,5.0,False,False,False,False,False,Beginner NBA $5 3-Player (Turbo),13.5,NBA,2023-02-16 00:30:00+00:00,5.0,3,0
141519391,82310,2.0,False,False,False,False,False,Beginner NBA $2 3-Player (Turbo),5.4,NBA,2023-02-16 00:30:00+00:00,2.0,3,0
141519349,82310,1.0,False,False,False,False,False,Beginner NBA $1 3-Player (Turbo),2.7,NBA,2023-02-16 00:30:00+00:00,1.0,3,0
141519387,82310,10.0,False,False,False,False,False,Beginner NBA $10 5-Player (Turbo),45.0,NBA,2023-02-16 00:30:00+00:00,10.0,5,0
141519388,82310,5.0,False,False,False,False,False,Beginner NBA $5 5-Player (Turbo),22.5,NBA,2023-02-16 00:30:00+00:00,5.0,5,0
141519390,82310,2.0,False,False,False,False,False,Beginner NBA $2 5-Player (Turbo),9.0,NBA,2023-02-16 00:30:00+00:00,2.0,5,0
141519392,82310,1.0,False,False,False,False,False,Beginner NBA $1 5-Player (Turbo),4.5,NBA,2023-02-16 00:30:00+00:00,1.0,5,0
141519381,82310,50.0,True,False,False,False,False,Beginner NBA $50 50-50 (Turbo),180.0,NBA,2023-02-16 00:30:00+00:00,50.0,4,0
141519382,82310,20.0,True,False,False,False,False,Beginner NBA $20 50-50 (Turbo),72.0,NBA,2023-02-16 00:30:00+00:00,20.0,4,0
141519383,82310,10.0,True,False,False,False,False,Beginner NBA $10 50-50 (Turbo),90.0,NBA,2023-02-16 00:30:00+00:00,10.0,10,0
141519384,82310,5.0,True,False,False,False,False,Beginner NBA $5 50-50 (Turbo),45.0,NBA,2023-02-16 00:30:00+00:00,5.0,10,0
141519385,82310,3.0,True,False,False,False,False,Beginner NBA $3 50-50 (Turbo),27.0,NBA,2023-02-16 00:30:00+00:00,3.0,10,0
141519386,82310,1.0,True,False,False,False,False,Beginner NBA $1 50-50 (Turbo),9.0,NBA,2023-02-16 00:30:00+00:00,1.0,10,0
141524651,82310,10600.0,False,False,False,False,False,"NBA $10,600 3-Player (Turbo)",30000.0,NBA,2023-02-16 00:30:00+00:00,10600.0,3,0
141524652,82310,5300.0,False,False,False,False,False,"NBA $5,300 3-Player (Turbo)",15000.0,NBA,2023-02-16 00:30:00+00:00,5300.0,3,0
141519350,82310,5300.0,True,False,False,False,False,"NBA $5,300 50-50 (Turbo)",20000.0,NBA,2023-02-16 00:30:00+00:00,5300.0,4,0
141519351,82310,1060.0,True,False,False,False,False,"NBA $1,060 50-50 (Turbo)",4000.0,NBA,2023-02-16 00:30:00+00:00,1060.0,4,0
141524653,82310,1060.0,False,False,False,False,False,"NBA $1,060 3-Player (Turbo)",3000.0,NBA,2023-02-16 00:30:00+00:00,1060.0,3,0
141519352,82310,530.0,True,False,False,False,False,NBA $530 50-50 (Turbo),2000.0,NBA,2023-02-16 00:30:00+00:00,530.0,4,0
141524654,82310,530.0,False,False,False,False,False,NBA $530 3-Player (Turbo),1500.0,NBA,2023-02-16 00:30:00+00:00,530.0,3,0
141519353,82310,162.0,True,False,False,False,False,NBA $162 50-50 (Turbo),600.0,NBA,2023-02-16 00:30:00+00:00,162.0,4,0
141524655,82310,162.0,False,False,False,False,False,NBA $162 3-Player (Turbo),450.0,NBA,2023-02-16 00:30:00+00:00,162.0,3,0
141519436,82310,109.0,True,False,False,False,False,NBA $109 50-50 (Turbo),600.0,NBA,2023-02-16 00:30:00+00:00,109.0,6,0
141519354,82310,109.0,True,False,False,False,False,NBA $109 50-50 (Turbo),400.0,NBA,2023-02-16 00:30:00+00:00,109.0,4,0
141524656,82310,109.0,False,False,False,False,False,NBA $109 3-Player (Turbo),300.0,NBA,2023-02-16 00:30:00+00:00,109.0,3,0
141524657,82310,109.0,False,False,False,False,False,NBA $109 3-Player (Turbo),300.0,NBA,2023-02-16 00:30:00+00:00,109.0,3,0
141519355,82310,50.0,True,False,False,False,False,NBA $50 50-50 (Turbo),180.0,NBA,2023-02-16 00:30:00+00:00,50.0,4,0
141519461,82310,50.0,True,False,False,False,False,NBA $50 Double Up (Turbo),1000.0,NBA,2023-02-16 00:30:00+00:00,50.0,22,0
141519456,82310,50.0,True,False,False,False,False,NBA $50 Double Up (Turbo),500.0,NBA,2023-02-16 00:30:00+00:00,50.0,11,0
141519400,82310,50.0,False,False,False,False,False,NBA $50 5-Player (Turbo),225.0,NBA,2023-02-16 00:30:00+00:00,50.0,5,0
141524658,82310,50.0,False,False,False,False,False,NBA $50 3-Player (Turbo),135.0,NBA,2023-02-16 00:30:00+00:00,50.0,3,0
141519460,82310,25.0,True,False,False,False,False,NBA $25 Double Up (Turbo),500.0,NBA,2023-02-16 00:30:00+00:00,25.0,22,0
141519455,82310,25.0,True,False,False,False,False,NBA $25 Double Up (Turbo),250.0,NBA,2023-02-16 00:30:00+00:00,25.0,11,0
141519356,82310,20.0,True,False,False,False,False,NBA $20 50-50 (Turbo),360.0,NBA,2023-02-16 00:30:00+00:00,20.0,20,0
141519357,82310,20.0,True,False,False,False,False,NBA $20 50-50 (Turbo),180.0,NBA,2023-02-16 00:30:00+00:00,20.0,10,0
141519358,82310,20.0,True,False,False,False,False,NBA $20 50-50 (Turbo),72.0,NBA,2023-02-16 00:30:00+00:00,20.0,4,0
141519359,82310,20.0,True,False,False,False,False,NBA $20 50-50 (Turbo),72.0,NBA,2023-02-16 00:30:00+00:00,20.0,4,0
141519402,82310,20.0,False,False,False,False,False,NBA $20 5-Player (Turbo),90.0,NBA,2023-02-16 00:30:00+00:00,20.0,5,0
141519403,82310,20.0,False,False,False,False,False,NBA $20 5-Player (Turbo),90.0,NBA,2023-02-16 00:30:00+00:00,20.0,5,0
141524659,82310,20.0,False,False,False,False,False,NBA $20 3-Player (Turbo),54.0,NBA,2023-02-16 00:30:00+00:00,20.0,3,0
141524660,82310,20.0,False,False,False,False,False,NBA $20 3-Player (Turbo),54.0,NBA,2023-02-16 00:30:00+00:00,20.0,3,0
141524661,82310,20.0,False,False,False,False,False,NBA $20 3-Player (Turbo),54.0,NBA,2023-02-16 00:30:00+00:00,20.0,3,0
141519360,82310,10.0,True,False,False,False,False,NBA $10 50-50 (Turbo),180.0,NBA,2023-02-16 00:30:00+00:00,10.0,20,0
141519361,82310,10.0,True,False,False,False,False,NBA $10 50-50 (Turbo),90.0,NBA,2023-02-16 00:30:00+00:00,10.0,10,0
141519362,82310,10.0,True,False,False,False,False,NBA $10 50-50 (Turbo),90.0,NBA,2023-02-16 00:30:00+00:00,10.0,10,0
141519454,82310,10.0,True,False,False,False,False,NBA $10 Double Up (Turbo),100.0,NBA,2023-02-16 00:30:00+00:00,10.0,11,0
141519363,82310,10.0,True,False,False,False,False,NBA $10 50-50 (Turbo),36.0,NBA,2023-02-16 00:30:00+00:00,10.0,4,0
141519364,82310,10.0,True,False,False,False,False,NBA $10 50-50 (Turbo),36.0,NBA,2023-02-16 00:30:00+00:00,10.0,4,0
141519365,82310,10.0,True,False,False,False,False,NBA $10 50-50 (Turbo),36.0,NBA,2023-02-16 00:30:00+00:00,10.0,4,0
141519407,82310,10.0,False,False,False,False,False,NBA $10 10-Player (Turbo),90.0,NBA,2023-02-16 00:30:00+00:00,10.0,10,0
141519408,82310,10.0,False,False,False,False,False,NBA $10 5-Player (Turbo),45.0,NBA,2023-02-16 00:30:00+00:00,10.0,5,0
141519409,82310,10.0,False,False,False,False,False,NBA $10 5-Player (Turbo),45.0,NBA,2023-02-16 00:30:00+00:00,10.0,5,0
141524662,82310,10.0,False,False,False,False,False,NBA $10 3-Player (Turbo),27.0,NBA,2023-02-16 00:30:00+00:00,10.0,3,0
141524663,82310,10.0,False,False,False,False,False,NBA $10 3-Player (Turbo),27.0,NBA,2023-02-16 00:30:00+00:00,10.0,3,0
141524664,82310,10.0,False,False,False,False,False,NBA $10 3-Player (Turbo),27.0,NBA,2023-02-16 00:30:00+00:00,10.0,3,0
141519366,82310,5.0,True,False,False,False,False,NBA $5 50-50 (Turbo),90.0,NBA,2023-02-16 00:30:00+00:00,5.0,20,0
141519367,82310,5.0,True,False,False,False,False,NBA $5 50-50 (Turbo),90.0,NBA,2023-02-16 00:30:00+00:00,5.0,20,0
141519368,82310,5.0,True,False,False,False,False,NBA $5 50-50 (Turbo),45.0,NBA,2023-02-16 00:30:00+00:00,5.0,10,0
141519369,82310,5.0,True,False,False,False,False,NBA $5 50-50 (Turbo),45.0,NBA,2023-02-16 00:30:00+00:00,5.0,10,0
141519370,82310,5.0,True,False,False,False,False,NBA $5 50-50 (Turbo),45.0,NBA,2023-02-16 00:30:00+00:00,5.0,10,0
141519457,82310,5.0,True,False,False,False,False,NBA $5 Double Up (Turbo),50.0,NBA,2023-02-16 00:30:00+00:00,5.0,11,0
141519413,82310,5.0,False,False,False,False,False,NBA $5 10-Player (Turbo),45.0,NBA,2023-02-16 00:30:00+00:00,5.0,10,0
141519414,82310,5.0,False,False,False,False,False,NBA $5 10-Player (Turbo),45.0,NBA,2023-02-16 00:30:00+00:00,5.0,10,0
141519415,82310,5.0,False,False,False,False,False,NBA $5 5-Player (Turbo),22.5,NBA,2023-02-16 00:30:00+00:00,5.0,5,0
141519416,82310,5.0,False,False,False,False,False,NBA $5 5-Player (Turbo),22.5,NBA,2023-02-16 00:30:00+00:00,5.0,5,0
141519417,82310,5.0,False,False,False,False,False,NBA $5 5-Player (Turbo),22.5,NBA,2023-02-16 00:30:00+00:00,5.0,5,0
141524665,82310,5.0,False,False,False,False,False,NBA $5 3-Player (Turbo),13.5,NBA,2023-02-16 00:30:00+00:00,5.0,3,0
141524666,82310,5.0,False,False,False,False,False,NBA $5 3-Player (Turbo),13.5,NBA,2023-02-16 00:30:00+00:00,5.0,3,0
141524667,82310,5.0,False,False,False,False,False,NBA $5 3-Player (Turbo),13.5,NBA,2023-02-16 00:30:00+00:00,5.0,3,0
141519458,82310,3.0,True,False,False,False,False,NBA $3 Double Up (Turbo),30.0,NBA,2023-02-16 00:30:00+00:00,3.0,11,0
141519371,82310,2.0,True,False,False,False,False,NBA $2 50-50 (Turbo),36.0,NBA,2023-02-16 00:30:00+00:00,2.0,20,0
141519372,82310,2.0,True,False,False,False,False,NBA $2 50-50 (Turbo),36.0,NBA,2023-02-16 00:30:00+00:00,2.0,20,0
141519373,82310,2.0,True,False,False,False,False,NBA $2 50-50 (Turbo),18.0,NBA,2023-02-16 00:30:00+00:00,2.0,10,0
141519374,82310,2.0,True,False,False,False,False,NBA $2 50-50 (Turbo),18.0,NBA,2023-02-16 00:30:00+00:00,2.0,10,0
141519375,82310,2.0,True,False,False,False,False,NBA $2 50-50 (Turbo),18.0,NBA,2023-02-16 00:30:00+00:00,2.0,10,0
141519421,82310,2.0,False,False,False,False,False,NBA $2 20-Player (Turbo),36.0,NBA,2023-02-16 00:30:00+00:00,2.0,20,0
141519422,82310,2.0,False,False,False,False,False,NBA $2 20-Player (Turbo),36.0,NBA,2023-02-16 00:30:00+00:00,2.0,20,0
141519423,82310,2.0,False,False,False,False,False,NBA $2 10-Player (Turbo),18.0,NBA,2023-02-16 00:30:00+00:00,2.0,10,0
141519424,82310,2.0,False,False,False,False,False,NBA $2 10-Player (Turbo),18.0,NBA,2023-02-16 00:30:00+00:00,2.0,10,0
141519425,82310,2.0,False,False,False,False,False,NBA $2 10-Player (Turbo),18.0,NBA,2023-02-16 00:30:00+00:00,2.0,10,0
141519426,82310,2.0,False,False,False,False,False,NBA $2 5-Player (Turbo),9.0,NBA,2023-02-16 00:30:00+00:00,2.0,5,0
141519427,82310,2.0,False,False,False,False,False,NBA $2 5-Player (Turbo),9.0,NBA,2023-02-16 00:30:00+00:00,2.0,5,0
141519428,82310,2.0,False,False,False,False,False,NBA $2 5-Player (Turbo),9.0,NBA,2023-02-16 00:30:00+00:00,2.0,5,0
141519429,82310,2.0,False,False,False,False,False,NBA $2 3-Player (Turbo),5.4,NBA,2023-02-16 00:30:00+00:00,2.0,3,0
141519430,82310,2.0,False,False,False,False,False,NBA $2 3-Player (Turbo),5.4,NBA,2023-02-16 00:30:00+00:00,2.0,3,0
141519431,82310,2.0,False,False,False,False,False,NBA $2 3-Player (Turbo),5.4,NBA,2023-02-16 00:30:00+00:00,2.0,3,0
141536008,82310,1.0,True,False,False,False,False,NBA $1 50-50 (Turbo),18.0,NBA,2023-02-16 00:30:00+00:00,1.0,20,0
141536009,82310,1.0,True,False,False,False,False,NBA $1 50-50 (Turbo),18.0,NBA,2023-02-16 00:30:00+00:00,1.0,20,0
141536010,82310,1.0,True,False,False,False,False,NBA $1 50-50 (Turbo),9.0,NBA,2023-02-16 00:30:00+00:00,1.0,10,0
141536011,82310,1.0,True,False,False,False,False,NBA $1 50-50 (Turbo),9.0,NBA,2023-02-16 00:30:00+00:00,1.0,10,0
141536012,82310,1.0,True,False,False,False,False,NBA $1 50-50 (Turbo),9.0,NBA,2023-02-16 00:30:00+00:00,1.0,10,0
141536017,82310,1.0,True,False,False,False,False,NBA $1 Double Up (Turbo),10.0,NBA,2023-02-16 00:30:00+00:00,1.0,11,0
141536013,82310,1.0,False,False,False,False,False,NBA $1 10-Player (Turbo),9.0,NBA,2023-02-16 00:30:00+00:00,1.0,10,0
141536014,82310,1.0,False,False,False,False,False,NBA $1 5-Player (Turbo),4.5,NBA,2023-02-16 00:30:00+00:00,1.0,5,0
141536016,82310,1.0,False,False,False,False,False,NBA $1 3-Player (Turbo),2.7,NBA,2023-02-16 00:30:00+00:00,1.0,3,0
141538073,82310,1.0,False,False,False,False,False,NBA $1 3-Player (Turbo),2.7,NBA,2023-02-16 00:30:00+00:00,1.0,3,0
141519437,82310,10600.0,False,False,False,False,False,"NBA $10,600 4-Player (Winner Takes All) (Turbo)",40000.0,NBA,2023-02-16 00:30:00+00:00,10600.0,4,0
141519438,82310,10600.0,False,False,False,False,False,"NBA $10,600 4-Player (Winner Takes All) (Turbo)",40000.0,NBA,2023-02-16 00:30:00+00:00,10600.0,4,0
141519439,82310,10600.0,False,False,False,False,False,"NBA $10,600 4-Player (Winner Takes All) (Turbo)",40000.0,NBA,2023-02-16 00:30:00+00:00,10600.0,4,0
141519244,82309,1.0,True,False,False,False,False,NBA Showdown $1 50-50 (CLE vs PHI),18.0,NBA,2023-02-16 00:30:00+00:00,1.0,20,1
141519245,82309,1.0,True,False,False,False,False,NBA Showdown $1 50-50 (CLE vs PHI),18.0,NBA,2023-02-16 00:30:00+00:00,1.0,20,1
141519246,82309,1.0,True,False,False,False,False,NBA Showdown $1 50-50 (CLE vs PHI),9.0,NBA,2023-02-16 00:30:00+00:00,1.0,10,1
141519247,82309,1.0,True,False,False,False,False,NBA Showdown $1 50-50 (CLE vs PHI),9.0,NBA,2023-02-16 00:30:00+00:00,1.0,10,1
141519248,82309,1.0,True,False,False,False,False,NBA Showdown $1 50-50 (CLE vs PHI),9.0,NBA,2023-02-16 00:30:00+00:00,1.0,10,1
141519327,82309,1.0,True,False,False,False,False,NBA Showdown $1 Double Up (CLE vs PHI),10.0,NBA,2023-02-16 00:30:00+00:00,1.0,11,1
141519300,82309,1.0,False,False,False,False,False,NBA Showdown $1 10-Player (CLE vs PHI),9.0,NBA,2023-02-16 00:30:00+00:00,1.0,10,1
141519301,82309,1.0,False,False,False,False,False,NBA Showdown $1 5-Player (CLE vs PHI),4.5,NBA,2023-02-16 00:30:00+00:00,1.0,5,1
141519302,82309,1.0,False,False,False,False,False,NBA Showdown $1 3-Player (CLE vs PHI),2.7,NBA,2023-02-16 00:30:00+00:00,1.0,3,2
141519303,82309,1.0,False,False,False,False,False,NBA Showdown $1 3-Player (CLE vs PHI),2.7,NBA,2023-02-16 00:30:00+00:00,1.0,3,1
141533142,82309,1.0,False,False,False,False,False,NBA Showdown $1 3-Player (CLE vs PHI),2.7,NBA,2023-02-16 00:30:00+00:00,1.0,3,1
141519334,82309,8.0,False,False,False,False,True,NBA Showdown Satellite to NAS 2-19 Fantasy Racing Millionaire [Must Fill] (CLE vs PHI),36.0,NBA,2023-02-16 00:30:00+00:00,8.0,5,0
141519257,82309,5.0,False,False,False,False,False,Beginner NBA Showdown $5 3-Player (CLE vs PHI),13.5,NBA,2023-02-16 00:30:00+00:00,5.0,3,0
141519321,82309,109.0,False,False,False,False,False,Casual NBA Showdown $109 5-Player (CLE vs PHI),500.0,NBA,2023-02-16 00:30:00+00:00,109.0,5,0
141519315,82309,50.0,False,False,False,False,False,Casual NBA Showdown $50 3-Player (CLE vs PHI),135.0,NBA,2023-02-16 00:30:00+00:00,50.0,3,0
141519316,82309,20.0,False,False,False,False,False,Casual NBA Showdown $20 3-Player (CLE vs PHI),54.0,NBA,2023-02-16 00:30:00+00:00,20.0,3,0
141519317,82309,10.0,False,False,False,False,False,Casual NBA Showdown $10 5-Player (CLE vs PHI),45.0,NBA,2023-02-16 00:30:00+00:00,10.0,5,0
141519318,82309,10.0,False,False,False,False,False,Casual NBA Showdown $10 3-Player (CLE vs PHI),27.0,NBA,2023-02-16 00:30:00+00:00,10.0,3,0
141519319,82309,2.0,False,False,False,False,False,Casual NBA Showdown $2 5-Player (CLE vs PHI),9.0,NBA,2023-02-16 00:30:00+00:00,2.0,5,0
141519320,82309,2.0,False,False,False,False,False,Casual NBA Showdown $2 3-Player (CLE vs PHI),5.4,NBA,2023-02-16 00:30:00+00:00,2.0,3,0
141519310,82309,10.0,True,False,False,False,False,Casual NBA Showdown $10 50-50 (CLE vs PHI),90.0,NBA,2023-02-16 00:30:00+00:00,10.0,10,0
141519311,82309,5.0,True,False,False,False,False,Casual NBA Showdown $5 50-50 (CLE vs PHI),45.0,NBA,2023-02-16 00:30:00+00:00,5.0,10,0
141519314,82309,1.0,True,False,False,False,False,Casual NBA Showdown $1 50-50 (CLE vs PHI),9.0,NBA,2023-02-16 00:30:00+00:00,1.0,10,0
141519312,82309,3.0,True,False,False,False,False,Casual NBA Showdown $3 50-50 (CLE vs PHI),27.0,NBA,2023-02-16 00:30:00+00:00,3.0,10,0
141519308,82309,50.0,True,False,False,False,False,Casual NBA Showdown $50 50-50 (CLE vs PHI),180.0,NBA,2023-02-16 00:30:00+00:00,50.0,4,0
141519309,82309,20.0,True,False,False,False,False,Casual NBA Showdown $20 50-50 (CLE vs PHI),72.0,NBA,2023-02-16 00:30:00+00:00,20.0,4,0
141519313,82309,3.0,True,False,False,False,False,Casual NBA Showdown $3 50-50 (CLE vs PHI),10.8,NBA,2023-02-16 00:30:00+00:00,3.0,4,0
141519214,82309,50.0,False,False,False,False,False,Beginner NBA Showdown $50 3-Player (CLE vs PHI),135.0,NBA,2023-02-16 00:30:00+00:00,50.0,3,0
141519213,82309,20.0,False,False,False,False,False,Beginner NBA Showdown $20 3-Player (CLE vs PHI),54.0,NBA,2023-02-16 00:30:00+00:00,20.0,3,0
141519215,82309,10.0,False,False,False,False,False,Beginner NBA Showdown $10 3-Player (CLE vs PHI),27.0,NBA,2023-02-16 00:30:00+00:00,10.0,3,0
141519216,82309,5.0,False,False,False,False,False,Beginner NBA Showdown $5 3-Player (CLE vs PHI),13.5,NBA,2023-02-16 00:30:00+00:00,5.0,3,0
141519259,82309,2.0,False,False,False,False,False,Beginner NBA Showdown $2 3-Player (CLE vs PHI),5.4,NBA,2023-02-16 00:30:00+00:00,2.0,3,0
141519217,82309,1.0,False,False,False,False,False,Beginner NBA Showdown $1 3-Player (CLE vs PHI),2.7,NBA,2023-02-16 00:30:00+00:00,1.0,3,0
141519255,82309,10.0,False,False,False,False,False,Beginner NBA Showdown $10 5-Player (CLE vs PHI),45.0,NBA,2023-02-16 00:30:00+00:00,10.0,5,0
141519256,82309,5.0,False,False,False,False,False,Beginner NBA Showdown $5 5-Player (CLE vs PHI),22.5,NBA,2023-02-16 00:30:00+00:00,5.0,5,0
141519258,82309,2.0,False,False,False,False,False,Beginner NBA Showdown $2 5-Player (CLE vs PHI),9.0,NBA,2023-02-16 00:30:00+00:00,2.0,5,0
141519260,82309,1.0,False,False,False,False,False,Beginner NBA Showdown $1 5-Player (CLE vs PHI),4.5,NBA,2023-02-16 00:30:00+00:00,1.0,5,0
141519249,82309,50.0,True,False,False,False,False,Beginner NBA Showdown $50 50-50 (CLE vs PHI),180.0,NBA,2023-02-16 00:30:00+00:00,50.0,4,0
141519250,82309,20.0,True,False,False,False,False,Beginner NBA Showdown $20 50-50 (CLE vs PHI),72.0,NBA,2023-02-16 00:30:00+00:00,20.0,4,0
141519251,82309,10.0,True,False,False,False,False,Beginner NBA Showdown $10 50-50 (CLE vs PHI),90.0,NBA,2023-02-16 00:30:00+00:00,10.0,10,0
141519252,82309,5.0,True,False,False,False,False,Beginner NBA Showdown $5 50-50 (CLE vs PHI),45.0,NBA,2023-02-16 00:30:00+00:00,5.0,10,0
141519253,82309,3.0,True,False,False,False,False,Beginner NBA Showdown $3 50-50 (CLE vs PHI),27.0,NBA,2023-02-16 00:30:00+00:00,3.0,10,0
141519254,82309,1.0,True,False,False,False,False,Beginner NBA Showdown $1 50-50 (CLE vs PHI),9.0,NBA,2023-02-16 00:30:00+00:00,1.0,10,0
141519261,82309,10600.0,False,False,False,False,False,"NBA Showdown $10,600 3-Player (CLE vs PHI)",30000.0,NBA,2023-02-16 00:30:00+00:00,10600.0,3,0
141519262,82309,5300.0,False,False,False,False,False,"NBA Showdown $5,300 3-Player (CLE vs PHI)",15000.0,NBA,2023-02-16 00:30:00+00:00,5300.0,3,0
141519218,82309,5300.0,True,False,False,False,False,"NBA Showdown $5,300 50-50 (CLE vs PHI)",20000.0,NBA,2023-02-16 00:30:00+00:00,5300.0,4,0
141519219,82309,1060.0,True,False,False,False,False,"NBA Showdown $1,060 50-50 (CLE vs PHI)",4000.0,NBA,2023-02-16 00:30:00+00:00,1060.0,4,0
141519263,82309,1060.0,False,False,False,False,False,"NBA Showdown $1,060 3-Player (CLE vs PHI)",3000.0,NBA,2023-02-16 00:30:00+00:00,1060.0,3,0
141519220,82309,530.0,True,False,False,False,False,NBA Showdown $530 50-50 (CLE vs PHI),2000.0,NBA,2023-02-16 00:30:00+00:00,530.0,4,0
141519264,82309,530.0,False,False,False,False,False,NBA Showdown $530 3-Player (CLE vs PHI),1500.0,NBA,2023-02-16 00:30:00+00:00,530.0,3,0
141519221,82309,162.0,True,False,False,False,False,NBA Showdown $162 50-50 (CLE vs PHI),600.0,NBA,2023-02-16 00:30:00+00:00,162.0,4,0
141519265,82309,162.0,False,False,False,False,False,NBA Showdown $162 3-Player (CLE vs PHI),450.0,NBA,2023-02-16 00:30:00+00:00,162.0,3,0
141519304,82309,109.0,True,False,False,False,False,NBA Showdown $109 50-50 (CLE vs PHI),600.0,NBA,2023-02-16 00:30:00+00:00,109.0,6,0
141519222,82309,109.0,True,False,False,False,False,NBA Showdown $109 50-50 (CLE vs PHI),400.0,NBA,2023-02-16 00:30:00+00:00,109.0,4,0
141519266,82309,109.0,False,False,False,False,False,NBA Showdown $109 3-Player (CLE vs PHI),300.0,NBA,2023-02-16 00:30:00+00:00,109.0,3,0
141519267,82309,109.0,False,False,False,False,False,NBA Showdown $109 3-Player (CLE vs PHI),300.0,NBA,2023-02-16 00:30:00+00:00,109.0,3,0
141519223,82309,50.0,True,False,False,False,False,NBA Showdown $50 50-50 (CLE vs PHI),180.0,NBA,2023-02-16 00:30:00+00:00,50.0,4,0
141519329,82309,50.0,True,False,False,False,False,NBA Showdown $50 Double Up (CLE vs PHI),1000.0,NBA,2023-02-16 00:30:00+00:00,50.0,22,0
141519324,82309,50.0,True,False,False,False,False,NBA Showdown $50 Double Up (CLE vs PHI),500.0,NBA,2023-02-16 00:30:00+00:00,50.0,11,0
141519268,82309,50.0,False,False,False,False,False,NBA Showdown $50 5-Player (CLE vs PHI),225.0,NBA,2023-02-16 00:30:00+00:00,50.0,5,0
141519269,82309,50.0,False,False,False,False,False,NBA Showdown $50 3-Player (CLE vs PHI),135.0,NBA,2023-02-16 00:30:00+00:00,50.0,3,0
141519328,82309,25.0,True,False,False,False,False,NBA Showdown $25 Double Up (CLE vs PHI),500.0,NBA,2023-02-16 00:30:00+00:00,25.0,22,0
141519323,82309,25.0,True,False,False,False,False,NBA Showdown $25 Double Up (CLE vs PHI),250.0,NBA,2023-02-16 00:30:00+00:00,25.0,11,0
141519224,82309,20.0,True,False,False,False,False,NBA Showdown $20 50-50 (CLE vs PHI),360.0,NBA,2023-02-16 00:30:00+00:00,20.0,20,0
141519225,82309,20.0,True,False,False,False,False,NBA Showdown $20 50-50 (CLE vs PHI),180.0,NBA,2023-02-16 00:30:00+00:00,20.0,10,0
141519226,82309,20.0,True,False,False,False,False,NBA Showdown $20 50-50 (CLE vs PHI),72.0,NBA,2023-02-16 00:30:00+00:00,20.0,4,0
141519227,82309,20.0,True,False,False,False,False,NBA Showdown $20 50-50 (CLE vs PHI),72.0,NBA,2023-02-16 00:30:00+00:00,20.0,4,0
141519270,82309,20.0,False,False,False,False,False,NBA Showdown $20 5-Player (CLE vs PHI),90.0,NBA,2023-02-16 00:30:00+00:00,20.0,5,0
141519271,82309,20.0,False,False,False,False,False,NBA Showdown $20 5-Player (CLE vs PHI),90.0,NBA,2023-02-16 00:30:00+00:00,20.0,5,0
141519272,82309,20.0,False,False,False,False,False,NBA Showdown $20 3-Player (CLE vs PHI),54.0,NBA,2023-02-16 00:30:00+00:00,20.0,3,0
141519273,82309,20.0,False,False,False,False,False,NBA Showdown $20 3-Player (CLE vs PHI),54.0,NBA,2023-02-16 00:30:00+00:00,20.0,3,0
141519274,82309,20.0,False,False,False,False,False,NBA Showdown $20 3-Player (CLE vs PHI),54.0,NBA,2023-02-16 00:30:00+00:00,20.0,3,0
141519228,82309,10.0,True,False,False,False,False,NBA Showdown $10 50-50 (CLE vs PHI),180.0,NBA,2023-02-16 00:30:00+00:00,10.0,20,0
141519229,82309,10.0,True,False,False,False,False,NBA Showdown $10 50-50 (CLE vs PHI),90.0,NBA,2023-02-16 00:30:00+00:00,10.0,10,0
141519230,82309,10.0,True,False,False,False,False,NBA Showdown $10 50-50 (CLE vs PHI),90.0,NBA,2023-02-16 00:30:00+00:00,10.0,10,0
141519322,82309,10.0,True,False,False,False,False,NBA Showdown $10 Double Up (CLE vs PHI),100.0,NBA,2023-02-16 00:30:00+00:00,10.0,11,0
141519231,82309,10.0,True,False,False,False,False,NBA Showdown $10 50-50 (CLE vs PHI),36.0,NBA,2023-02-16 00:30:00+00:00,10.0,4,0
141519232,82309,10.0,True,False,False,False,False,NBA Showdown $10 50-50 (CLE vs PHI),36.0,NBA,2023-02-16 00:30:00+00:00,10.0,4,0
141519233,82309,10.0,True,False,False,False,False,NBA Showdown $10 50-50 (CLE vs PHI),36.0,NBA,2023-02-16 00:30:00+00:00,10.0,4,0
141519275,82309,10.0,False,False,False,False,False,NBA Showdown $10 10-Player (CLE vs PHI),90.0,NBA,2023-02-16 00:30:00+00:00,10.0,10,0
141519276,82309,10.0,False,False,False,False,False,NBA Showdown $10 5-Player (CLE vs PHI),45.0,NBA,2023-02-16 00:30:00+00:00,10.0,5,0
141519277,82309,10.0,False,False,False,False,False,NBA Showdown $10 5-Player (CLE vs PHI),45.0,NBA,2023-02-16 00:30:00+00:00,10.0,5,0
141519278,82309,10.0,False,False,False,False,False,NBA Showdown $10 3-Player (CLE vs PHI),27.0,NBA,2023-02-16 00:30:00+00:00,10.0,3,0
141519279,82309,10.0,False,False,False,False,False,NBA Showdown $10 3-Player (CLE vs PHI),27.0,NBA,2023-02-16 00:30:00+00:00,10.0,3,0
141519280,82309,10.0,False,False,False,False,False,NBA Showdown $10 3-Player (CLE vs PHI),27.0,NBA,2023-02-16 00:30:00+00:00,10.0,3,0
141519234,82309,5.0,True,False,False,False,False,NBA Showdown $5 50-50 (CLE vs PHI),90.0,NBA,2023-02-16 00:30:00+00:00,5.0,20,0
141519235,82309,5.0,True,False,False,False,False,NBA Showdown $5 50-50 (CLE vs PHI),90.0,NBA,2023-02-16 00:30:00+00:00,5.0,20,0
141519236,82309,5.0,True,False,False,False,False,NBA Showdown $5 50-50 (CLE vs PHI),45.0,NBA,2023-02-16 00:30:00+00:00,5.0,10,0
141519237,82309,5.0,True,False,False,False,False,NBA Showdown $5 50-50 (CLE vs PHI),45.0,NBA,2023-02-16 00:30:00+00:00,5.0,10,0
141519238,82309,5.0,True,False,False,False,False,NBA Showdown $5 50-50 (CLE vs PHI),45.0,NBA,2023-02-16 00:30:00+00:00,5.0,10,0
141519325,82309,5.0,True,False,False,False,False,NBA Showdown $5 Double Up (CLE vs PHI),50.0,NBA,2023-02-16 00:30:00+00:00,5.0,11,0
141519281,82309,5.0,False,False,False,False,False,NBA Showdown $5 10-Player (CLE vs PHI),45.0,NBA,2023-02-16 00:30:00+00:00,5.0,10,0
141519282,82309,5.0,False,False,False,False,False,NBA Showdown $5 10-Player (CLE vs PHI),45.0,NBA,2023-02-16 00:30:00+00:00,5.0,10,0
141519283,82309,5.0,False,False,False,False,False,NBA Showdown $5 5-Player (CLE vs PHI),22.5,NBA,2023-02-16 00:30:00+00:00,5.0,5,0
141519284,82309,5.0,False,False,False,False,False,NBA Showdown $5 5-Player (CLE vs PHI),22.5,NBA,2023-02-16 00:30:00+00:00,5.0,5,0
141519285,82309,5.0,False,False,False,False,False,NBA Showdown $5 5-Player (CLE vs PHI),22.5,NBA,2023-02-16 00:30:00+00:00,5.0,5,0
141519286,82309,5.0,False,False,False,False,False,NBA Showdown $5 3-Player (CLE vs PHI),13.5,NBA,2023-02-16 00:30:00+00:00,5.0,3,0
141519287,82309,5.0,False,False,False,False,False,NBA Showdown $5 3-Player (CLE vs PHI),13.5,NBA,2023-02-16 00:30:00+00:00,5.0,3,0
141519288,82309,5.0,False,False,False,False,False,NBA Showdown $5 3-Player (CLE vs PHI),13.5,NBA,2023-02-16 00:30:00+00:00,5.0,3,0
141519326,82309,3.0,True,False,False,False,False,NBA Showdown $3 Double Up (CLE vs PHI),30.0,NBA,2023-02-16 00:30:00+00:00,3.0,11,0
141519239,82309,2.0,True,False,False,False,False,NBA Showdown $2 50-50 (CLE vs PHI),36.0,NBA,2023-02-16 00:30:00+00:00,2.0,20,0
141519240,82309,2.0,True,False,False,False,False,NBA Showdown $2 50-50 (CLE vs PHI),36.0,NBA,2023-02-16 00:30:00+00:00,2.0,20,0
141519241,82309,2.0,True,False,False,False,False,NBA Showdown $2 50-50 (CLE vs PHI),18.0,NBA,2023-02-16 00:30:00+00:00,2.0,10,0
141519242,82309,2.0,True,False,False,False,False,NBA Showdown $2 50-50 (CLE vs PHI),18.0,NBA,2023-02-16 00:30:00+00:00,2.0,10,0
141519243,82309,2.0,True,False,False,False,False,NBA Showdown $2 50-50 (CLE vs PHI),18.0,NBA,2023-02-16 00:30:00+00:00,2.0,10,0
141519289,82309,2.0,False,False,False,False,False,NBA Showdown $2 20-Player (CLE vs PHI),36.0,NBA,2023-02-16 00:30:00+00:00,2.0,20,0
141519290,82309,2.0,False,False,False,False,False,NBA Showdown $2 20-Player (CLE vs PHI),36.0,NBA,2023-02-16 00:30:00+00:00,2.0,20,0
141519291,82309,2.0,False,False,False,False,False,NBA Showdown $2 10-Player (CLE vs PHI),18.0,NBA,2023-02-16 00:30:00+00:00,2.0,10,0
141519292,82309,2.0,False,False,False,False,False,NBA Showdown $2 10-Player (CLE vs PHI),18.0,NBA,2023-02-16 00:30:00+00:00,2.0,10,0
141519293,82309,2.0,False,False,False,False,False,NBA Showdown $2 10-Player (CLE vs PHI),18.0,NBA,2023-02-16 00:30:00+00:00,2.0,10,0
141519294,82309,2.0,False,False,False,False,False,NBA Showdown $2 5-Player (CLE vs PHI),9.0,NBA,2023-02-16 00:30:00+00:00,2.0,5,0
141519295,82309,2.0,False,False,False,False,False,NBA Showdown $2 5-Player (CLE vs PHI),9.0,NBA,2023-02-16 00:30:00+00:00,2.0,5,0
141519296,82309,2.0,False,False,False,False,False,NBA Showdown $2 5-Player (CLE vs PHI),9.0,NBA,2023-02-16 00:30:00+00:00,2.0,5,0
141519297,82309,2.0,False,False,False,False,False,NBA Showdown $2 3-Player (CLE vs PHI),5.4,NBA,2023-02-16 00:30:00+00:00,2.0,3,0
141519298,82309,2.0,False,False,False,False,False,NBA Showdown $2 3-Player (CLE vs PHI),5.4,NBA,2023-02-16 00:30:00+00:00,2.0,3,0
141519299,82309,2.0,False,False,False,False,False,NBA Showdown $2 3-Player (CLE vs PHI),5.4,NBA,2023-02-16 00:30:00+00:00,2.0,3,0
141536205,82309,1.0,True,False,False,False,False,NBA Showdown $1 50-50 (CLE vs PHI),18.0,NBA,2023-02-16 00:30:00+00:00,1.0,20,0
141536206,82309,1.0,True,False,False,False,False,NBA Showdown $1 50-50 (CLE vs PHI),18.0,NBA,2023-02-16 00:30:00+00:00,1.0,20,0
141536207,82309,1.0,True,False,False,False,False,NBA Showdown $1 50-50 (CLE vs PHI),9.0,NBA,2023-02-16 00:30:00+00:00,1.0,10,0
141536208,82309,1.0,True,False,False,False,False,NBA Showdown $1 50-50 (CLE vs PHI),9.0,NBA,2023-02-16 00:30:00+00:00,1.0,10,0
141536209,82309,1.0,True,False,False,False,False,NBA Showdown $1 50-50 (CLE vs PHI),9.0,NBA,2023-02-16 00:30:00+00:00,1.0,10,0
141536214,82309,1.0,True,False,False,False,False,NBA Showdown $1 Double Up (CLE vs PHI),10.0,NBA,2023-02-16 00:30:00+00:00,1.0,11,0
141536210,82309,1.0,False,False,False,False,False,NBA Showdown $1 10-Player (CLE vs PHI),9.0,NBA,2023-02-16 00:30:00+00:00,1.0,10,0
141536211,82309,1.0,False,False,False,False,False,NBA Showdown $1 5-Player (CLE vs PHI),4.5,NBA,2023-02-16 00:30:00+00:00,1.0,5,0
141536212,82309,1.0,False,False,False,False,False,NBA Showdown $1 3-Player (CLE vs PHI),2.7,NBA,2023-02-16 00:30:00+00:00,1.0,3,0
141536213,82309,1.0,False,False,False,False,False,NBA Showdown $1 3-Player (CLE vs PHI),2.7,NBA,2023-02-16 00:30:00+00:00,1.0,3,0
141519305,82309,10600.0,False,False,False,False,False,"NBA Showdown $10,600 4-Player (Winner Takes All) (CLE vs PHI)",40000.0,NBA,2023-02-16 00:30:00+00:00,10600.0,4,0
141519306,82309,10600.0,False,False,False,False,False,"NBA Showdown $10,600 4-Player (Winner Takes All) (CLE vs PHI)",40000.0,NBA,2023-02-16 00:30:00+00:00,10600.0,4,0
141519307,82309,10600.0,False,False,False,False,False,"NBA Showdown $10,600 4-Player (Winner Takes All) (CLE vs PHI)",40000.0,NBA,2023-02-16 00:30:00+00:00,10600.0,4,0
141519525,82312,10600.0,False,False,False,False,False,"NBA $10,600 3-Player (Turbo)",30000.0,NBA,2023-02-16 01:00:00+00:00,10600.0,3,1
141519526,82312,5300.0,False,False,False,False,False,"NBA $5,300 3-Player (Turbo)",15000.0,NBA,2023-02-16 01:00:00+00:00,5300.0,3,1
141519527,82312,1060.0,False,False,False,False,False,"NBA $1,060 3-Player (Turbo)",3000.0,NBA,2023-02-16 01:00:00+00:00,1060.0,3,1
141519528,82312,530.0,False,False,False,False,False,NBA $530 3-Player (Turbo),1500.0,NBA,2023-02-16 01:00:00+00:00,530.0,3,1
141519529,82312,162.0,False,False,False,False,False,NBA $162 3-Player (Turbo),450.0,NBA,2023-02-16 01:00:00+00:00,162.0,3,1
141519530,82312,109.0,False,False,False,False,False,NBA $109 3-Player (Turbo),300.0,NBA,2023-02-16 01:00:00+00:00,109.0,3,1
141519531,82312,109.0,False,False,False,False,False,NBA $109 3-Player (Turbo),300.0,NBA,2023-02-16 01:00:00+00:00,109.0,3,1
141519533,82312,50.0,False,False,False,False,False,NBA $50 3-Player (Turbo),135.0,NBA,2023-02-16 01:00:00+00:00,50.0,3,1
141519536,82312,20.0,False,False,False,False,False,NBA $20 3-Player (Turbo),54.0,NBA,2023-02-16 01:00:00+00:00,20.0,3,1
141519537,82312,20.0,False,False,False,False,False,NBA $20 3-Player (Turbo),54.0,NBA,2023-02-16 01:00:00+00:00,20.0,3,1
141519538,82312,20.0,False,False,False,False,False,NBA $20 3-Player (Turbo),54.0,NBA,2023-02-16 01:00:00+00:00,20.0,3,1
141519542,82312,10.0,False,False,False,False,False,NBA $10 3-Player (Turbo),27.0,NBA,2023-02-16 01:00:00+00:00,10.0,3,1
141519543,82312,10.0,False,False,False,False,False,NBA $10 3-Player (Turbo),27.0,NBA,2023-02-16 01:00:00+00:00,10.0,3,1
141519544,82312,10.0,False,False,False,False,False,NBA $10 3-Player (Turbo),27.0,NBA,2023-02-16 01:00:00+00:00,10.0,3,1
141519550,82312,5.0,False,False,False,False,False,NBA $5 3-Player (Turbo),13.5,NBA,2023-02-16 01:00:00+00:00,5.0,3,1
141519551,82312,5.0,False,False,False,False,False,NBA $5 3-Player (Turbo),13.5,NBA,2023-02-16 01:00:00+00:00,5.0,3,1
141519552,82312,5.0,False,False,False,False,False,NBA $5 3-Player (Turbo),13.5,NBA,2023-02-16 01:00:00+00:00,5.0,3,1
141519556,82312,2.0,False,False,False,False,False,NBA $2 10-Player (Turbo),18.0,NBA,2023-02-16 01:00:00+00:00,2.0,10,1
141519508,82312,1.0,True,False,False,False,False,NBA $1 50-50 (Turbo),18.0,NBA,2023-02-16 01:00:00+00:00,1.0,20,2
141519509,82312,1.0,True,False,False,False,False,NBA $1 50-50 (Turbo),18.0,NBA,2023-02-16 01:00:00+00:00,1.0,20,2
141519510,82312,1.0,True,False,False,False,False,NBA $1 50-50 (Turbo),9.0,NBA,2023-02-16 01:00:00+00:00,1.0,10,1
141519511,82312,1.0,True,False,False,False,False,NBA $1 50-50 (Turbo),9.0,NBA,2023-02-16 01:00:00+00:00,1.0,10,1
141519512,82312,1.0,True,False,False,False,False,NBA $1 50-50 (Turbo),9.0,NBA,2023-02-16 01:00:00+00:00,1.0,10,1
141519591,82312,1.0,True,False,False,False,False,NBA $1 Double Up (Turbo),10.0,NBA,2023-02-16 01:00:00+00:00,1.0,11,1
141519564,82312,1.0,False,False,False,False,False,NBA $1 10-Player (Turbo),9.0,NBA,2023-02-16 01:00:00+00:00,1.0,10,1
141519565,82312,1.0,False,False,False,False,False,NBA $1 5-Player (Turbo),4.5,NBA,2023-02-16 01:00:00+00:00,1.0,5,1
141519566,82312,1.0,False,False,False,False,False,NBA $1 3-Player (Turbo),2.7,NBA,2023-02-16 01:00:00+00:00,1.0,3,1
141519567,82312,1.0,False,False,False,False,False,NBA $1 3-Player (Turbo),2.7,NBA,2023-02-16 01:00:00+00:00,1.0,3,1
141519598,82312,8.0,False,False,False,False,True,NBA Satellite to NAS 2-19 Fantasy Racing Millionaire [Must Fill] (Turbo),36.0,NBA,2023-02-16 01:00:00+00:00,8.0,5,0
141519521,82312,5.0,False,False,False,False,False,Beginner NBA $5 3-Player (Turbo),13.5,NBA,2023-02-16 01:00:00+00:00,5.0,3,0
141519585,82312,109.0,False,False,False,False,False,Casual NBA $109 5-Player (Turbo),500.0,NBA,2023-02-16 01:00:00+00:00,109.0,5,0
141519579,82312,50.0,False,False,False,False,False,Casual NBA $50 3-Player (Turbo),135.0,NBA,2023-02-16 01:00:00+00:00,50.0,3,0
141519580,82312,20.0,False,False,False,False,False,Casual NBA $20 3-Player (Turbo),54.0,NBA,2023-02-16 01:00:00+00:00,20.0,3,0
141519581,82312,10.0,False,False,False,False,False,Casual NBA $10 5-Player (Turbo),45.0,NBA,2023-02-16 01:00:00+00:00,10.0,5,0
141519582,82312,10.0,False,False,False,False,False,Casual NBA $10 3-Player (Turbo),27.0,NBA,2023-02-16 01:00:00+00:00,10.0,3,0
141519583,82312,2.0,False,False,False,False,False,Casual NBA $2 5-Player (Turbo),9.0,NBA,2023-02-16 01:00:00+00:00,2.0,5,0
141519584,82312,2.0,False,False,False,False,False,Casual NBA $2 3-Player (Turbo),5.4,NBA,2023-02-16 01:00:00+00:00,2.0,3,0
141519574,82312,10.0,True,False,False,False,False,Casual NBA $10 50-50 (Turbo),90.0,NBA,2023-02-16 01:00:00+00:00,10.0,10,0
141519575,82312,5.0,True,False,False,False,False,Casual NBA $5 50-50 (Turbo),45.0,NBA,2023-02-16 01:00:00+00:00,5.0,10,0
141519578,82312,1.0,True,False,False,False,False,Casual NBA $1 50-50 (Turbo),9.0,NBA,2023-02-16 01:00:00+00:00,1.0,10,0
141519576,82312,3.0,True,False,False,False,False,Casual NBA $3 50-50 (Turbo),27.0,NBA,2023-02-16 01:00:00+00:00,3.0,10,0
141519572,82312,50.0,True,False,False,False,False,Casual NBA $50 50-50 (Turbo),180.0,NBA,2023-02-16 01:00:00+00:00,50.0,4,0
141519573,82312,20.0,True,False,False,False,False,Casual NBA $20 50-50 (Turbo),72.0,NBA,2023-02-16 01:00:00+00:00,20.0,4,0
141519577,82312,3.0,True,False,False,False,False,Casual NBA $3 50-50 (Turbo),10.8,NBA,2023-02-16 01:00:00+00:00,3.0,4,0
141519478,82312,50.0,False,False,False,False,False,Beginner NBA $50 3-Player (Turbo),135.0,NBA,2023-02-16 01:00:00+00:00,50.0,3,0
141519477,82312,20.0,False,False,False,False,False,Beginner NBA $20 3-Player (Turbo),54.0,NBA,2023-02-16 01:00:00+00:00,20.0,3,0
141519479,82312,10.0,False,False,False,False,False,Beginner NBA $10 3-Player (Turbo),27.0,NBA,2023-02-16 01:00:00+00:00,10.0,3,0
141519480,82312,5.0,False,False,False,False,False,Beginner NBA $5 3-Player (Turbo),13.5,NBA,2023-02-16 01:00:00+00:00,5.0,3,0
141519523,82312,2.0,False,False,False,False,False,Beginner NBA $2 3-Player (Turbo),5.4,NBA,2023-02-16 01:00:00+00:00,2.0,3,0
141519481,82312,1.0,False,False,False,False,False,Beginner NBA $1 3-Player (Turbo),2.7,NBA,2023-02-16 01:00:00+00:00,1.0,3,0
141519519,82312,10.0,False,False,False,False,False,Beginner NBA $10 5-Player (Turbo),45.0,NBA,2023-02-16 01:00:00+00:00,10.0,5,0
141519520,82312,5.0,False,False,False,False,False,Beginner NBA $5 5-Player (Turbo),22.5,NBA,2023-02-16 01:00:00+00:00,5.0,5,0
141519522,82312,2.0,False,False,False,False,False,Beginner NBA $2 5-Player (Turbo),9.0,NBA,2023-02-16 01:00:00+00:00,2.0,5,0
141519524,82312,1.0,False,False,False,False,False,Beginner NBA $1 5-Player (Turbo),4.5,NBA,2023-02-16 01:00:00+00:00,1.0,5,0
141519513,82312,50.0,True,False,False,False,False,Beginner NBA $50 50-50 (Turbo),180.0,NBA,2023-02-16 01:00:00+00:00,50.0,4,0
141519514,82312,20.0,True,False,False,False,False,Beginner NBA $20 50-50 (Turbo),72.0,NBA,2023-02-16 01:00:00+00:00,20.0,4,0
141519515,82312,10.0,True,False,False,False,False,Beginner NBA $10 50-50 (Turbo),90.0,NBA,2023-02-16 01:00:00+00:00,10.0,10,0
141519516,82312,5.0,True,False,False,False,False,Beginner NBA $5 50-50 (Turbo),45.0,NBA,2023-02-16 01:00:00+00:00,5.0,10,0
141519517,82312,3.0,True,False,False,False,False,Beginner NBA $3 50-50 (Turbo),27.0,NBA,2023-02-16 01:00:00+00:00,3.0,10,0
141519518,82312,1.0,True,False,False,False,False,Beginner NBA $1 50-50 (Turbo),9.0,NBA,2023-02-16 01:00:00+00:00,1.0,10,0
141524721,82312,10600.0,False,False,False,False,False,"NBA $10,600 3-Player (Turbo)",30000.0,NBA,2023-02-16 01:00:00+00:00,10600.0,3,0
141524722,82312,5300.0,False,False,False,False,False,"NBA $5,300 3-Player (Turbo)",15000.0,NBA,2023-02-16 01:00:00+00:00,5300.0,3,0
141519482,82312,5300.0,True,False,False,False,False,"NBA $5,300 50-50 (Turbo)",20000.0,NBA,2023-02-16 01:00:00+00:00,5300.0,4,0
141519483,82312,1060.0,True,False,False,False,False,"NBA $1,060 50-50 (Turbo)",4000.0,NBA,2023-02-16 01:00:00+00:00,1060.0,4,0
141524723,82312,1060.0,False,False,False,False,False,"NBA $1,060 3-Player (Turbo)",3000.0,NBA,2023-02-16 01:00:00+00:00,1060.0,3,0
141519484,82312,530.0,True,False,False,False,False,NBA $530 50-50 (Turbo),2000.0,NBA,2023-02-16 01:00:00+00:00,530.0,4,0
141524724,82312,530.0,False,False,False,False,False,NBA $530 3-Player (Turbo),1500.0,NBA,2023-02-16 01:00:00+00:00,530.0,3,0
141519485,82312,162.0,True,False,False,False,False,NBA $162 50-50 (Turbo),600.0,NBA,2023-02-16 01:00:00+00:00,162.0,4,0
141524725,82312,162.0,False,False,False,False,False,NBA $162 3-Player (Turbo),450.0,NBA,2023-02-16 01:00:00+00:00,162.0,3,0
141519568,82312,109.0,True,False,False,False,False,NBA $109 50-50 (Turbo),600.0,NBA,2023-02-16 01:00:00+00:00,109.0,6,0
141519486,82312,109.0,True,False,False,False,False,NBA $109 50-50 (Turbo),400.0,NBA,2023-02-16 01:00:00+00:00,109.0,4,0
141524726,82312,109.0,False,False,False,False,False,NBA $109 3-Player (Turbo),300.0,NBA,2023-02-16 01:00:00+00:00,109.0,3,0
141524727,82312,109.0,False,False,False,False,False,NBA $109 3-Player (Turbo),300.0,NBA,2023-02-16 01:00:00+00:00,109.0,3,0
141519487,82312,50.0,True,False,False,False,False,NBA $50 50-50 (Turbo),180.0,NBA,2023-02-16 01:00:00+00:00,50.0,4,0
141519593,82312,50.0,True,False,False,False,False,NBA $50 Double Up (Turbo),1000.0,NBA,2023-02-16 01:00:00+00:00,50.0,22,0
141519588,82312,50.0,True,False,False,False,False,NBA $50 Double Up (Turbo),500.0,NBA,2023-02-16 01:00:00+00:00,50.0,11,0
141519532,82312,50.0,False,False,False,False,False,NBA $50 5-Player (Turbo),225.0,NBA,2023-02-16 01:00:00+00:00,50.0,5,0
141524728,82312,50.0,False,False,False,False,False,NBA $50 3-Player (Turbo),135.0,NBA,2023-02-16 01:00:00+00:00,50.0,3,0
141519592,82312,25.0,True,False,False,False,False,NBA $25 Double Up (Turbo),500.0,NBA,2023-02-16 01:00:00+00:00,25.0,22,0
141519587,82312,25.0,True,False,False,False,False,NBA $25 Double Up (Turbo),250.0,NBA,2023-02-16 01:00:00+00:00,25.0,11,0
141519488,82312,20.0,True,False,False,False,False,NBA $20 50-50 (Turbo),360.0,NBA,2023-02-16 01:00:00+00:00,20.0,20,0
141519489,82312,20.0,True,False,False,False,False,NBA $20 50-50 (Turbo),180.0,NBA,2023-02-16 01:00:00+00:00,20.0,10,0
141519490,82312,20.0,True,False,False,False,False,NBA $20 50-50 (Turbo),72.0,NBA,2023-02-16 01:00:00+00:00,20.0,4,0
141519491,82312,20.0,True,False,False,False,False,NBA $20 50-50 (Turbo),72.0,NBA,2023-02-16 01:00:00+00:00,20.0,4,0
141519534,82312,20.0,False,False,False,False,False,NBA $20 5-Player (Turbo),90.0,NBA,2023-02-16 01:00:00+00:00,20.0,5,0
141519535,82312,20.0,False,False,False,False,False,NBA $20 5-Player (Turbo),90.0,NBA,2023-02-16 01:00:00+00:00,20.0,5,0
141524729,82312,20.0,False,False,False,False,False,NBA $20 3-Player (Turbo),54.0,NBA,2023-02-16 01:00:00+00:00,20.0,3,0
141524730,82312,20.0,False,False,False,False,False,NBA $20 3-Player (Turbo),54.0,NBA,2023-02-16 01:00:00+00:00,20.0,3,0
141524731,82312,20.0,False,False,False,False,False,NBA $20 3-Player (Turbo),54.0,NBA,2023-02-16 01:00:00+00:00,20.0,3,0
141519492,82312,10.0,True,False,False,False,False,NBA $10 50-50 (Turbo),180.0,NBA,2023-02-16 01:00:00+00:00,10.0,20,0
141519493,82312,10.0,True,False,False,False,False,NBA $10 50-50 (Turbo),90.0,NBA,2023-02-16 01:00:00+00:00,10.0,10,0
141519494,82312,10.0,True,False,False,False,False,NBA $10 50-50 (Turbo),90.0,NBA,2023-02-16 01:00:00+00:00,10.0,10,0
141519586,82312,10.0,True,False,False,False,False,NBA $10 Double Up (Turbo),100.0,NBA,2023-02-16 01:00:00+00:00,10.0,11,0
141519495,82312,10.0,True,False,False,False,False,NBA $10 50-50 (Turbo),36.0,NBA,2023-02-16 01:00:00+00:00,10.0,4,0
141519496,82312,10.0,True,False,False,False,False,NBA $10 50-50 (Turbo),36.0,NBA,2023-02-16 01:00:00+00:00,10.0,4,0
141519497,82312,10.0,True,False,False,False,False,NBA $10 50-50 (Turbo),36.0,NBA,2023-02-16 01:00:00+00:00,10.0,4,0
141519539,82312,10.0,False,False,False,False,False,NBA $10 10-Player (Turbo),90.0,NBA,2023-02-16 01:00:00+00:00,10.0,10,0
141519540,82312,10.0,False,False,False,False,False,NBA $10 5-Player (Turbo),45.0,NBA,2023-02-16 01:00:00+00:00,10.0,5,0
141519541,82312,10.0,False,False,False,False,False,NBA $10 5-Player (Turbo),45.0,NBA,2023-02-16 01:00:00+00:00,10.0,5,0
141524732,82312,10.0,False,False,False,False,False,NBA $10 3-Player (Turbo),27.0,NBA,2023-02-16 01:00:00+00:00,10.0,3,0
141524733,82312,10.0,False,False,False,False,False,NBA $10 3-Player (Turbo),27.0,NBA,2023-02-16 01:00:00+00:00,10.0,3,0
141524734,82312,10.0,False,False,False,False,False,NBA $10 3-Player (Turbo),27.0,NBA,2023-02-16 01:00:00+00:00,10.0,3,0
141519498,82312,5.0,True,False,False,False,False,NBA $5 50-50 (Turbo),90.0,NBA,2023-02-16 01:00:00+00:00,5.0,20,0
141519499,82312,5.0,True,False,False,False,False,NBA $5 50-50 (Turbo),90.0,NBA,2023-02-16 01:00:00+00:00,5.0,20,0
141519500,82312,5.0,True,False,False,False,False,NBA $5 50-50 (Turbo),45.0,NBA,2023-02-16 01:00:00+00:00,5.0,10,0
141519501,82312,5.0,True,False,False,False,False,NBA $5 50-50 (Turbo),45.0,NBA,2023-02-16 01:00:00+00:00,5.0,10,0
141519502,82312,5.0,True,False,False,False,False,NBA $5 50-50 (Turbo),45.0,NBA,2023-02-16 01:00:00+00:00,5.0,10,0
141519589,82312,5.0,True,False,False,False,False,NBA $5 Double Up (Turbo),50.0,NBA,2023-02-16 01:00:00+00:00,5.0,11,0
141519545,82312,5.0,False,False,False,False,False,NBA $5 10-Player (Turbo),45.0,NBA,2023-02-16 01:00:00+00:00,5.0,10,0
141519546,82312,5.0,False,False,False,False,False,NBA $5 10-Player (Turbo),45.0,NBA,2023-02-16 01:00:00+00:00,5.0,10,0
141519547,82312,5.0,False,False,False,False,False,NBA $5 5-Player (Turbo),22.5,NBA,2023-02-16 01:00:00+00:00,5.0,5,0
141519548,82312,5.0,False,False,False,False,False,NBA $5 5-Player (Turbo),22.5,NBA,2023-02-16 01:00:00+00:00,5.0,5,0
141519549,82312,5.0,False,False,False,False,False,NBA $5 5-Player (Turbo),22.5,NBA,2023-02-16 01:00:00+00:00,5.0,5,0
141524735,82312,5.0,False,False,False,False,False,NBA $5 3-Player (Turbo),13.5,NBA,2023-02-16 01:00:00+00:00,5.0,3,0
141524736,82312,5.0,False,False,False,False,False,NBA $5 3-Player (Turbo),13.5,NBA,2023-02-16 01:00:00+00:00,5.0,3,0
141524737,82312,5.0,False,False,False,False,False,NBA $5 3-Player (Turbo),13.5,NBA,2023-02-16 01:00:00+00:00,5.0,3,0
141519590,82312,3.0,True,False,False,False,False,NBA $3 Double Up (Turbo),30.0,NBA,2023-02-16 01:00:00+00:00,3.0,11,0
141519503,82312,2.0,True,False,False,False,False,NBA $2 50-50 (Turbo),36.0,NBA,2023-02-16 01:00:00+00:00,2.0,20,0
141519504,82312,2.0,True,False,False,False,False,NBA $2 50-50 (Turbo),36.0,NBA,2023-02-16 01:00:00+00:00,2.0,20,0
141519505,82312,2.0,True,False,False,False,False,NBA $2 50-50 (Turbo),18.0,NBA,2023-02-16 01:00:00+00:00,2.0,10,0
141519506,82312,2.0,True,False,False,False,False,NBA $2 50-50 (Turbo),18.0,NBA,2023-02-16 01:00:00+00:00,2.0,10,0
141519507,82312,2.0,True,False,False,False,False,NBA $2 50-50 (Turbo),18.0,NBA,2023-02-16 01:00:00+00:00,2.0,10,0
141519553,82312,2.0,False,False,False,False,False,NBA $2 20-Player (Turbo),36.0,NBA,2023-02-16 01:00:00+00:00,2.0,20,0
141519554,82312,2.0,False,False,False,False,False,NBA $2 20-Player (Turbo),36.0,NBA,2023-02-16 01:00:00+00:00,2.0,20,0
141519555,82312,2.0,False,False,False,False,False,NBA $2 10-Player (Turbo),18.0,NBA,2023-02-16 01:00:00+00:00,2.0,10,0
141519557,82312,2.0,False,False,False,False,False,NBA $2 10-Player (Turbo),18.0,NBA,2023-02-16 01:00:00+00:00,2.0,10,0
141533691,82312,2.0,False,False,False,False,False,NBA $2 10-Player (Turbo),18.0,NBA,2023-02-16 01:00:00+00:00,2.0,10,0
141519558,82312,2.0,False,False,False,False,False,NBA $2 5-Player (Turbo),9.0,NBA,2023-02-16 01:00:00+00:00,2.0,5,0
141519559,82312,2.0,False,False,False,False,False,NBA $2 5-Player (Turbo),9.0,NBA,2023-02-16 01:00:00+00:00,2.0,5,0
141519560,82312,2.0,False,False,False,False,False,NBA $2 5-Player (Turbo),9.0,NBA,2023-02-16 01:00:00+00:00,2.0,5,0
141519561,82312,2.0,False,False,False,False,False,NBA $2 3-Player (Turbo),5.4,NBA,2023-02-16 01:00:00+00:00,2.0,3,0
141519562,82312,2.0,False,False,False,False,False,NBA $2 3-Player (Turbo),5.4,NBA,2023-02-16 01:00:00+00:00,2.0,3,0
141519563,82312,2.0,False,False,False,False,False,NBA $2 3-Player (Turbo),5.4,NBA,2023-02-16 01:00:00+00:00,2.0,3,0
141536034,82312,1.0,True,False,False,False,False,NBA $1 50-50 (Turbo),18.0,NBA,2023-02-16 01:00:00+00:00,1.0,20,0
141536035,82312,1.0,True,False,False,False,False,NBA $1 50-50 (Turbo),18.0,NBA,2023-02-16 01:00:00+00:00,1.0,20,0
141536036,82312,1.0,True,False,False,False,False,NBA $1 50-50 (Turbo),9.0,NBA,2023-02-16 01:00:00+00:00,1.0,10,0
141536037,82312,1.0,True,False,False,False,False,NBA $1 50-50 (Turbo),9.0,NBA,2023-02-16 01:00:00+00:00,1.0,10,0
141536038,82312,1.0,True,False,False,False,False,NBA $1 50-50 (Turbo),9.0,NBA,2023-02-16 01:00:00+00:00,1.0,10,0
141536043,82312,1.0,True,False,False,False,False,NBA $1 Double Up (Turbo),10.0,NBA,2023-02-16 01:00:00+00:00,1.0,11,0
141536039,82312,1.0,False,False,False,False,False,NBA $1 10-Player (Turbo),9.0,NBA,2023-02-16 01:00:00+00:00,1.0,10,0
141536040,82312,1.0,False,False,False,False,False,NBA $1 5-Player (Turbo),4.5,NBA,2023-02-16 01:00:00+00:00,1.0,5,0
141536041,82312,1.0,False,False,False,False,False,NBA $1 3-Player (Turbo),2.7,NBA,2023-02-16 01:00:00+00:00,1.0,3,0
141536042,82312,1.0,False,False,False,False,False,NBA $1 3-Player (Turbo),2.7,NBA,2023-02-16 01:00:00+00:00,1.0,3,0
141519569,82312,10600.0,False,False,False,False,False,"NBA $10,600 4-Player (Winner Takes All) (Turbo)",40000.0,NBA,2023-02-16 01:00:00+00:00,10600.0,4,0
141519570,82312,10600.0,False,False,False,False,False,"NBA $10,600 4-Player (Winner Takes All) (Turbo)",40000.0,NBA,2023-02-16 01:00:00+00:00,10600.0,4,0
141519571,82312,10600.0,False,False,False,False,False,"NBA $10,600 4-Player (Winner Takes All) (Turbo)",40000.0,NBA,2023-02-16 01:00:00+00:00,10600.0,4,0
141519679,82313,5.0,False,False,False,False,False,NBA Showdown $5 5-Player (UTA vs MEM),22.5,NBA,2023-02-16 01:00:00+00:00,5.0,5,1
141519640,82313,1.0,True,False,False,False,False,NBA Showdown $1 50-50 (UTA vs MEM),18.0,NBA,2023-02-16 01:00:00+00:00,1.0,20,1
141519641,82313,1.0,True,False,False,False,False,NBA Showdown $1 50-50 (UTA vs MEM),18.0,NBA,2023-02-16 01:00:00+00:00,1.0,20,1
141519642,82313,1.0,True,False,False,False,False,NBA Showdown $1 50-50 (UTA vs MEM),9.0,NBA,2023-02-16 01:00:00+00:00,1.0,10,1
141519643,82313,1.0,True,False,False,False,False,NBA Showdown $1 50-50 (UTA vs MEM),9.0,NBA,2023-02-16 01:00:00+00:00,1.0,10,1
141519644,82313,1.0,True,False,False,False,False,NBA Showdown $1 50-50 (UTA vs MEM),9.0,NBA,2023-02-16 01:00:00+00:00,1.0,10,1
141519723,82313,1.0,True,False,False,False,False,NBA Showdown $1 Double Up (UTA vs MEM),10.0,NBA,2023-02-16 01:00:00+00:00,1.0,11,1
141519696,82313,1.0,False,False,False,False,False,NBA Showdown $1 10-Player (UTA vs MEM),9.0,NBA,2023-02-16 01:00:00+00:00,1.0,10,1
141519697,82313,1.0,False,False,False,False,False,NBA Showdown $1 5-Player (UTA vs MEM),4.5,NBA,2023-02-16 01:00:00+00:00,1.0,5,1
141519698,82313,1.0,False,False,False,False,False,NBA Showdown $1 3-Player (UTA vs MEM),2.7,NBA,2023-02-16 01:00:00+00:00,1.0,3,1
141519699,82313,1.0,False,False,False,False,False,NBA Showdown $1 3-Player (UTA vs MEM),2.7,NBA,2023-02-16 01:00:00+00:00,1.0,3,1
141519730,82313,8.0,False,False,False,False,True,NBA Showdown Satellite to NAS 2-19 Fantasy Racing Millionaire [Must Fill] (UTA vs MEM),36.0,NBA,2023-02-16 01:00:00+00:00,8.0,5,0
141519653,82313,5.0,False,False,False,False,False,Beginner NBA Showdown $5 3-Player (UTA vs MEM),13.5,NBA,2023-02-16 01:00:00+00:00,5.0,3,0
141519717,82313,109.0,False,False,False,False,False,Casual NBA Showdown $109 5-Player (UTA vs MEM),500.0,NBA,2023-02-16 01:00:00+00:00,109.0,5,0
141519711,82313,50.0,False,False,False,False,False,Casual NBA Showdown $50 3-Player (UTA vs MEM),135.0,NBA,2023-02-16 01:00:00+00:00,50.0,3,0
141519712,82313,20.0,False,False,False,False,False,Casual NBA Showdown $20 3-Player (UTA vs MEM),54.0,NBA,2023-02-16 01:00:00+00:00,20.0,3,0
141519713,82313,10.0,False,False,False,False,False,Casual NBA Showdown $10 5-Player (UTA vs MEM),45.0,NBA,2023-02-16 01:00:00+00:00,10.0,5,0
141519714,82313,10.0,False,False,False,False,False,Casual NBA Showdown $10 3-Player (UTA vs MEM),27.0,NBA,2023-02-16 01:00:00+00:00,10.0,3,0
141519715,82313,2.0,False,False,False,False,False,Casual NBA Showdown $2 5-Player (UTA vs MEM),9.0,NBA,2023-02-16 01:00:00+00:00,2.0,5,0
141519716,82313,2.0,False,False,False,False,False,Casual NBA Showdown $2 3-Player (UTA vs MEM),5.4,NBA,2023-02-16 01:00:00+00:00,2.0,3,0
141519706,82313,10.0,True,False,False,False,False,Casual NBA Showdown $10 50-50 (UTA vs MEM),90.0,NBA,2023-02-16 01:00:00+00:00,10.0,10,0
141519707,82313,5.0,True,False,False,False,False,Casual NBA Showdown $5 50-50 (UTA vs MEM),45.0,NBA,2023-02-16 01:00:00+00:00,5.0,10,0
141519710,82313,1.0,True,False,False,False,False,Casual NBA Showdown $1 50-50 (UTA vs MEM),9.0,NBA,2023-02-16 01:00:00+00:00,1.0,10,0
141519708,82313,3.0,True,False,False,False,False,Casual NBA Showdown $3 50-50 (UTA vs MEM),27.0,NBA,2023-02-16 01:00:00+00:00,3.0,10,0
141519704,82313,50.0,True,False,False,False,False,Casual NBA Showdown $50 50-50 (UTA vs MEM),180.0,NBA,2023-02-16 01:00:00+00:00,50.0,4,0
141519705,82313,20.0,True,False,False,False,False,Casual NBA Showdown $20 50-50 (UTA vs MEM),72.0,NBA,2023-02-16 01:00:00+00:00,20.0,4,0
141519709,82313,3.0,True,False,False,False,False,Casual NBA Showdown $3 50-50 (UTA vs MEM),10.8,NBA,2023-02-16 01:00:00+00:00,3.0,4,0
141519610,82313,50.0,False,False,False,False,False,Beginner NBA Showdown $50 3-Player (UTA vs MEM),135.0,NBA,2023-02-16 01:00:00+00:00,50.0,3,0
141519609,82313,20.0,False,False,False,False,False,Beginner NBA Showdown $20 3-Player (UTA vs MEM),54.0,NBA,2023-02-16 01:00:00+00:00,20.0,3,0
141519611,82313,10.0,False,False,False,False,False,Beginner NBA Showdown $10 3-Player (UTA vs MEM),27.0,NBA,2023-02-16 01:00:00+00:00,10.0,3,0
141519612,82313,5.0,False,False,False,False,False,Beginner NBA Showdown $5 3-Player (UTA vs MEM),13.5,NBA,2023-02-16 01:00:00+00:00,5.0,3,0
141519655,82313,2.0,False,False,False,False,False,Beginner NBA Showdown $2 3-Player (UTA vs MEM),5.4,NBA,2023-02-16 01:00:00+00:00,2.0,3,0
141519613,82313,1.0,False,False,False,False,False,Beginner NBA Showdown $1 3-Player (UTA vs MEM),2.7,NBA,2023-02-16 01:00:00+00:00,1.0,3,0
141519651,82313,10.0,False,False,False,False,False,Beginner NBA Showdown $10 5-Player (UTA vs MEM),45.0,NBA,2023-02-16 01:00:00+00:00,10.0,5,0
141519652,82313,5.0,False,False,False,False,False,Beginner NBA Showdown $5 5-Player (UTA vs MEM),22.5,NBA,2023-02-16 01:00:00+00:00,5.0,5,0
141519654,82313,2.0,False,False,False,False,False,Beginner NBA Showdown $2 5-Player (UTA vs MEM),9.0,NBA,2023-02-16 01:00:00+00:00,2.0,5,0
141519656,82313,1.0,False,False,False,False,False,Beginner NBA Showdown $1 5-Player (UTA vs MEM),4.5,NBA,2023-02-16 01:00:00+00:00,1.0,5,0
141519645,82313,50.0,True,False,False,False,False,Beginner NBA Showdown $50 50-50 (UTA vs MEM),180.0,NBA,2023-02-16 01:00:00+00:00,50.0,4,0
141519646,82313,20.0,True,False,False,False,False,Beginner NBA Showdown $20 50-50 (UTA vs MEM),72.0,NBA,2023-02-16 01:00:00+00:00,20.0,4,0
141519647,82313,10.0,True,False,False,False,False,Beginner NBA Showdown $10 50-50 (UTA vs MEM),90.0,NBA,2023-02-16 01:00:00+00:00,10.0,10,0
141519648,82313,5.0,True,False,False,False,False,Beginner NBA Showdown $5 50-50 (UTA vs MEM),45.0,NBA,2023-02-16 01:00:00+00:00,5.0,10,0
141519649,82313,3.0,True,False,False,False,False,Beginner NBA Showdown $3 50-50 (UTA vs MEM),27.0,NBA,2023-02-16 01:00:00+00:00,3.0,10,0
141519650,82313,1.0,True,False,False,False,False,Beginner NBA Showdown $1 50-50 (UTA vs MEM),9.0,NBA,2023-02-16 01:00:00+00:00,1.0,10,0
141519657,82313,10600.0,False,False,False,False,False,"NBA Showdown $10,600 3-Player (UTA vs MEM)",30000.0,NBA,2023-02-16 01:00:00+00:00,10600.0,3,0
141519658,82313,5300.0,False,False,False,False,False,"NBA Showdown $5,300 3-Player (UTA vs MEM)",15000.0,NBA,2023-02-16 01:00:00+00:00,5300.0,3,0
141519614,82313,5300.0,True,False,False,False,False,"NBA Showdown $5,300 50-50 (UTA vs MEM)",20000.0,NBA,2023-02-16 01:00:00+00:00,5300.0,4,0
141519615,82313,1060.0,True,False,False,False,False,"NBA Showdown $1,060 50-50 (UTA vs MEM)",4000.0,NBA,2023-02-16 01:00:00+00:00,1060.0,4,0
141519659,82313,1060.0,False,False,False,False,False,"NBA Showdown $1,060 3-Player (UTA vs MEM)",3000.0,NBA,2023-02-16 01:00:00+00:00,1060.0,3,0
141519616,82313,530.0,True,False,False,False,False,NBA Showdown $530 50-50 (UTA vs MEM),2000.0,NBA,2023-02-16 01:00:00+00:00,530.0,4,0
141519660,82313,530.0,False,False,False,False,False,NBA Showdown $530 3-Player (UTA vs MEM),1500.0,NBA,2023-02-16 01:00:00+00:00,530.0,3,0
141519617,82313,162.0,True,False,False,False,False,NBA Showdown $162 50-50 (UTA vs MEM),600.0,NBA,2023-02-16 01:00:00+00:00,162.0,4,0
141519661,82313,162.0,False,False,False,False,False,NBA Showdown $162 3-Player (UTA vs MEM),450.0,NBA,2023-02-16 01:00:00+00:00,162.0,3,0
141519700,82313,109.0,True,False,False,False,False,NBA Showdown $109 50-50 (UTA vs MEM),600.0,NBA,2023-02-16 01:00:00+00:00,109.0,6,0
141519618,82313,109.0,True,False,False,False,False,NBA Showdown $109 50-50 (UTA vs MEM),400.0,NBA,2023-02-16 01:00:00+00:00,109.0,4,0
141519662,82313,109.0,False,False,False,False,False,NBA Showdown $109 3-Player (UTA vs MEM),300.0,NBA,2023-02-16 01:00:00+00:00,109.0,3,0
141519663,82313,109.0,False,False,False,False,False,NBA Showdown $109 3-Player (UTA vs MEM),300.0,NBA,2023-02-16 01:00:00+00:00,109.0,3,0
141519619,82313,50.0,True,False,False,False,False,NBA Showdown $50 50-50 (UTA vs MEM),180.0,NBA,2023-02-16 01:00:00+00:00,50.0,4,0
141519725,82313,50.0,True,False,False,False,False,NBA Showdown $50 Double Up (UTA vs MEM),1000.0,NBA,2023-02-16 01:00:00+00:00,50.0,22,0
141519720,82313,50.0,True,False,False,False,False,NBA Showdown $50 Double Up (UTA vs MEM),500.0,NBA,2023-02-16 01:00:00+00:00,50.0,11,0
141519664,82313,50.0,False,False,False,False,False,NBA Showdown $50 5-Player (UTA vs MEM),225.0,NBA,2023-02-16 01:00:00+00:00,50.0,5,0
141519665,82313,50.0,False,False,False,False,False,NBA Showdown $50 3-Player (UTA vs MEM),135.0,NBA,2023-02-16 01:00:00+00:00,50.0,3,0
141519724,82313,25.0,True,False,False,False,False,NBA Showdown $25 Double Up (UTA vs MEM),500.0,NBA,2023-02-16 01:00:00+00:00,25.0,22,0
141519719,82313,25.0,True,False,False,False,False,NBA Showdown $25 Double Up (UTA vs MEM),250.0,NBA,2023-02-16 01:00:00+00:00,25.0,11,0
141519620,82313,20.0,True,False,False,False,False,NBA Showdown $20 50-50 (UTA vs MEM),360.0,NBA,2023-02-16 01:00:00+00:00,20.0,20,0
141519621,82313,20.0,True,False,False,False,False,NBA Showdown $20 50-50 (UTA vs MEM),180.0,NBA,2023-02-16 01:00:00+00:00,20.0,10,0
141519622,82313,20.0,True,False,False,False,False,NBA Showdown $20 50-50 (UTA vs MEM),72.0,NBA,2023-02-16 01:00:00+00:00,20.0,4,0
141519623,82313,20.0,True,False,False,False,False,NBA Showdown $20 50-50 (UTA vs MEM),72.0,NBA,2023-02-16 01:00:00+00:00,20.0,4,0
141519666,82313,20.0,False,False,False,False,False,NBA Showdown $20 5-Player (UTA vs MEM),90.0,NBA,2023-02-16 01:00:00+00:00,20.0,5,0
141519667,82313,20.0,False,False,False,False,False,NBA Showdown $20 5-Player (UTA vs MEM),90.0,NBA,2023-02-16 01:00:00+00:00,20.0,5,0
141519668,82313,20.0,False,False,False,False,False,NBA Showdown $20 3-Player (UTA vs MEM),54.0,NBA,2023-02-16 01:00:00+00:00,20.0,3,0
141519669,82313,20.0,False,False,False,False,False,NBA Showdown $20 3-Player (UTA vs MEM),54.0,NBA,2023-02-16 01:00:00+00:00,20.0,3,0
141519670,82313,20.0,False,False,False,False,False,NBA Showdown $20 3-Player (UTA vs MEM),54.0,NBA,2023-02-16 01:00:00+00:00,20.0,3,0
141519624,82313,10.0,True,False,False,False,False,NBA Showdown $10 50-50 (UTA vs MEM),180.0,NBA,2023-02-16 01:00:00+00:00,10.0,20,0
141519625,82313,10.0,True,False,False,False,False,NBA Showdown $10 50-50 (UTA vs MEM),90.0,NBA,2023-02-16 01:00:00+00:00,10.0,10,0
141519626,82313,10.0,True,False,False,False,False,NBA Showdown $10 50-50 (UTA vs MEM),90.0,NBA,2023-02-16 01:00:00+00:00,10.0,10,0
141519718,82313,10.0,True,False,False,False,False,NBA Showdown $10 Double Up (UTA vs MEM),100.0,NBA,2023-02-16 01:00:00+00:00,10.0,11,0
141519627,82313,10.0,True,False,False,False,False,NBA Showdown $10 50-50 (UTA vs MEM),36.0,NBA,2023-02-16 01:00:00+00:00,10.0,4,0
141519628,82313,10.0,True,False,False,False,False,NBA Showdown $10 50-50 (UTA vs MEM),36.0,NBA,2023-02-16 01:00:00+00:00,10.0,4,0
141519629,82313,10.0,True,False,False,False,False,NBA Showdown $10 50-50 (UTA vs MEM),36.0,NBA,2023-02-16 01:00:00+00:00,10.0,4,0
141519671,82313,10.0,False,False,False,False,False,NBA Showdown $10 10-Player (UTA vs MEM),90.0,NBA,2023-02-16 01:00:00+00:00,10.0,10,0
141519672,82313,10.0,False,False,False,False,False,NBA Showdown $10 5-Player (UTA vs MEM),45.0,NBA,2023-02-16 01:00:00+00:00,10.0,5,0
141519673,82313,10.0,False,False,False,False,False,NBA Showdown $10 5-Player (UTA vs MEM),45.0,NBA,2023-02-16 01:00:00+00:00,10.0,5,0
141519674,82313,10.0,False,False,False,False,False,NBA Showdown $10 3-Player (UTA vs MEM),27.0,NBA,2023-02-16 01:00:00+00:00,10.0,3,0
141519675,82313,10.0,False,False,False,False,False,NBA Showdown $10 3-Player (UTA vs MEM),27.0,NBA,2023-02-16 01:00:00+00:00,10.0,3,0
141519676,82313,10.0,False,False,False,False,False,NBA Showdown $10 3-Player (UTA vs MEM),27.0,NBA,2023-02-16 01:00:00+00:00,10.0,3,0
141519630,82313,5.0,True,False,False,False,False,NBA Showdown $5 50-50 (UTA vs MEM),90.0,NBA,2023-02-16 01:00:00+00:00,5.0,20,0
141519631,82313,5.0,True,False,False,False,False,NBA Showdown $5 50-50 (UTA vs MEM),90.0,NBA,2023-02-16 01:00:00+00:00,5.0,20,0
141519632,82313,5.0,True,False,False,False,False,NBA Showdown $5 50-50 (UTA vs MEM),45.0,NBA,2023-02-16 01:00:00+00:00,5.0,10,0
141519633,82313,5.0,True,False,False,False,False,NBA Showdown $5 50-50 (UTA vs MEM),45.0,NBA,2023-02-16 01:00:00+00:00,5.0,10,0
141519634,82313,5.0,True,False,False,False,False,NBA Showdown $5 50-50 (UTA vs MEM),45.0,NBA,2023-02-16 01:00:00+00:00,5.0,10,0
141519721,82313,5.0,True,False,False,False,False,NBA Showdown $5 Double Up (UTA vs MEM),50.0,NBA,2023-02-16 01:00:00+00:00,5.0,11,0
141519677,82313,5.0,False,False,False,False,False,NBA Showdown $5 10-Player (UTA vs MEM),45.0,NBA,2023-02-16 01:00:00+00:00,5.0,10,0
141519678,82313,5.0,False,False,False,False,False,NBA Showdown $5 10-Player (UTA vs MEM),45.0,NBA,2023-02-16 01:00:00+00:00,5.0,10,0
141519680,82313,5.0,False,False,False,False,False,NBA Showdown $5 5-Player (UTA vs MEM),22.5,NBA,2023-02-16 01:00:00+00:00,5.0,5,0
141519681,82313,5.0,False,False,False,False,False,NBA Showdown $5 5-Player (UTA vs MEM),22.5,NBA,2023-02-16 01:00:00+00:00,5.0,5,0
141538958,82313,5.0,False,False,False,False,False,NBA Showdown $5 5-Player (UTA vs MEM),22.5,NBA,2023-02-16 01:00:00+00:00,5.0,5,0
141519682,82313,5.0,False,False,False,False,False,NBA Showdown $5 3-Player (UTA vs MEM),13.5,NBA,2023-02-16 01:00:00+00:00,5.0,3,0
141519683,82313,5.0,False,False,False,False,False,NBA Showdown $5 3-Player (UTA vs MEM),13.5,NBA,2023-02-16 01:00:00+00:00,5.0,3,0
141519684,82313,5.0,False,False,False,False,False,NBA Showdown $5 3-Player (UTA vs MEM),13.5,NBA,2023-02-16 01:00:00+00:00,5.0,3,0
141519722,82313,3.0,True,False,False,False,False,NBA Showdown $3 Double Up (UTA vs MEM),30.0,NBA,2023-02-16 01:00:00+00:00,3.0,11,0
141519635,82313,2.0,True,False,False,False,False,NBA Showdown $2 50-50 (UTA vs MEM),36.0,NBA,2023-02-16 01:00:00+00:00,2.0,20,0
141519636,82313,2.0,True,False,False,False,False,NBA Showdown $2 50-50 (UTA vs MEM),36.0,NBA,2023-02-16 01:00:00+00:00,2.0,20,0
141519637,82313,2.0,True,False,False,False,False,NBA Showdown $2 50-50 (UTA vs MEM),18.0,NBA,2023-02-16 01:00:00+00:00,2.0,10,0
141519638,82313,2.0,True,False,False,False,False,NBA Showdown $2 50-50 (UTA vs MEM),18.0,NBA,2023-02-16 01:00:00+00:00,2.0,10,0
141519639,82313,2.0,True,False,False,False,False,NBA Showdown $2 50-50 (UTA vs MEM),18.0,NBA,2023-02-16 01:00:00+00:00,2.0,10,0
141519685,82313,2.0,False,False,False,False,False,NBA Showdown $2 20-Player (UTA vs MEM),36.0,NBA,2023-02-16 01:00:00+00:00,2.0,20,0
141519686,82313,2.0,False,False,False,False,False,NBA Showdown $2 20-Player (UTA vs MEM),36.0,NBA,2023-02-16 01:00:00+00:00,2.0,20,0
141519687,82313,2.0,False,False,False,False,False,NBA Showdown $2 10-Player (UTA vs MEM),18.0,NBA,2023-02-16 01:00:00+00:00,2.0,10,0
141519688,82313,2.0,False,False,False,False,False,NBA Showdown $2 10-Player (UTA vs MEM),18.0,NBA,2023-02-16 01:00:00+00:00,2.0,10,0
141519689,82313,2.0,False,False,False,False,False,NBA Showdown $2 10-Player (UTA vs MEM),18.0,NBA,2023-02-16 01:00:00+00:00,2.0,10,0
141519690,82313,2.0,False,False,False,False,False,NBA Showdown $2 5-Player (UTA vs MEM),9.0,NBA,2023-02-16 01:00:00+00:00,2.0,5,0
141519691,82313,2.0,False,False,False,False,False,NBA Showdown $2 5-Player (UTA vs MEM),9.0,NBA,2023-02-16 01:00:00+00:00,2.0,5,0
141519692,82313,2.0,False,False,False,False,False,NBA Showdown $2 5-Player (UTA vs MEM),9.0,NBA,2023-02-16 01:00:00+00:00,2.0,5,0
141519693,82313,2.0,False,False,False,False,False,NBA Showdown $2 3-Player (UTA vs MEM),5.4,NBA,2023-02-16 01:00:00+00:00,2.0,3,0
141519694,82313,2.0,False,False,False,False,False,NBA Showdown $2 3-Player (UTA vs MEM),5.4,NBA,2023-02-16 01:00:00+00:00,2.0,3,0
141519695,82313,2.0,False,False,False,False,False,NBA Showdown $2 3-Player (UTA vs MEM),5.4,NBA,2023-02-16 01:00:00+00:00,2.0,3,0
141536244,82313,1.0,True,False,False,False,False,NBA Showdown $1 50-50 (UTA vs MEM),18.0,NBA,2023-02-16 01:00:00+00:00,1.0,20,0
141536245,82313,1.0,True,False,False,False,False,NBA Showdown $1 50-50 (UTA vs MEM),18.0,NBA,2023-02-16 01:00:00+00:00,1.0,20,0
141536246,82313,1.0,True,False,False,False,False,NBA Showdown $1 50-50 (UTA vs MEM),9.0,NBA,2023-02-16 01:00:00+00:00,1.0,10,0
141536247,82313,1.0,True,False,False,False,False,NBA Showdown $1 50-50 (UTA vs MEM),9.0,NBA,2023-02-16 01:00:00+00:00,1.0,10,0
141536248,82313,1.0,True,False,False,False,False,NBA Showdown $1 50-50 (UTA vs MEM),9.0,NBA,2023-02-16 01:00:00+00:00,1.0,10,0
141536253,82313,1.0,True,False,False,False,False,NBA Showdown $1 Double Up (UTA vs MEM),10.0,NBA,2023-02-16 01:00:00+00:00,1.0,11,0
141536249,82313,1.0,False,False,False,False,False,NBA Showdown $1 10-Player (UTA vs MEM),9.0,NBA,2023-02-16 01:00:00+00:00,1.0,10,0
141536250,82313,1.0,False,False,False,False,False,NBA Showdown $1 5-Player (UTA vs MEM),4.5,NBA,2023-02-16 01:00:00+00:00,1.0,5,0
141536251,82313,1.0,False,False,False,False,False,NBA Showdown $1 3-Player (UTA vs MEM),2.7,NBA,2023-02-16 01:00:00+00:00,1.0,3,0
141536252,82313,1.0,False,False,False,False,False,NBA Showdown $1 3-Player (UTA vs MEM),2.7,NBA,2023-02-16 01:00:00+00:00,1.0,3,0
141519701,82313,10600.0,False,False,False,False,False,"NBA Showdown $10,600 4-Player (Winner Takes All) (UTA vs MEM)",40000.0,NBA,2023-02-16 01:00:00+00:00,10600.0,4,0
141519702,82313,10600.0,False,False,False,False,False,"NBA Showdown $10,600 4-Player (Winner Takes All) (UTA vs MEM)",40000.0,NBA,2023-02-16 01:00:00+00:00,10600.0,4,0
141519703,82313,10600.0,False,False,False,False,False,"NBA Showdown $10,600 4-Player (Winner Takes All) (UTA vs MEM)",40000.0,NBA,2023-02-16 01:00:00+00:00,10600.0,4,0
141519789,82314,10600.0,False,False,False,False,False,"NBA $10,600 3-Player (Night)",30000.0,NBA,2023-02-16 02:00:00+00:00,10600.0,3,1
141519790,82314,5300.0,False,False,False,False,False,"NBA $5,300 3-Player (Night)",15000.0,NBA,2023-02-16 02:00:00+00:00,5300.0,3,1
141519791,82314,1060.0,False,False,False,False,False,"NBA $1,060 3-Player (Night)",3000.0,NBA,2023-02-16 02:00:00+00:00,1060.0,3,1
141519792,82314,530.0,False,False,False,False,False,NBA $530 3-Player (Night),1500.0,NBA,2023-02-16 02:00:00+00:00,530.0,3,1
141519793,82314,162.0,False,False,False,False,False,NBA $162 3-Player (Night),450.0,NBA,2023-02-16 02:00:00+00:00,162.0,3,1
141519794,82314,109.0,False,False,False,False,False,NBA $109 3-Player (Night),300.0,NBA,2023-02-16 02:00:00+00:00,109.0,3,1
141519795,82314,109.0,False,False,False,False,False,NBA $109 3-Player (Night),300.0,NBA,2023-02-16 02:00:00+00:00,109.0,3,1
141519797,82314,50.0,False,False,False,False,False,NBA $50 3-Player (Night),135.0,NBA,2023-02-16 02:00:00+00:00,50.0,3,1
141519800,82314,20.0,False,False,False,False,False,NBA $20 3-Player (Night),54.0,NBA,2023-02-16 02:00:00+00:00,20.0,3,1
141519801,82314,20.0,False,False,False,False,False,NBA $20 3-Player (Night),54.0,NBA,2023-02-16 02:00:00+00:00,20.0,3,1
141519802,82314,20.0,False,False,False,False,False,NBA $20 3-Player (Night),54.0,NBA,2023-02-16 02:00:00+00:00,20.0,3,1
141519806,82314,10.0,False,False,False,False,False,NBA $10 3-Player (Night),27.0,NBA,2023-02-16 02:00:00+00:00,10.0,3,1
141519807,82314,10.0,False,False,False,False,False,NBA $10 3-Player (Night),27.0,NBA,2023-02-16 02:00:00+00:00,10.0,3,1
141519808,82314,10.0,False,False,False,False,False,NBA $10 3-Player (Night),27.0,NBA,2023-02-16 02:00:00+00:00,10.0,3,1
141519814,82314,5.0,False,False,False,False,False,NBA $5 3-Player (Night),13.5,NBA,2023-02-16 02:00:00+00:00,5.0,3,2
141519815,82314,5.0,False,False,False,False,False,NBA $5 3-Player (Night),13.5,NBA,2023-02-16 02:00:00+00:00,5.0,3,1
141519772,82314,1.0,True,False,False,False,False,NBA $1 50-50 (Night),18.0,NBA,2023-02-16 02:00:00+00:00,1.0,20,1
141519773,82314,1.0,True,False,False,False,False,NBA $1 50-50 (Night),18.0,NBA,2023-02-16 02:00:00+00:00,1.0,20,1
141519774,82314,1.0,True,False,False,False,False,NBA $1 50-50 (Night),9.0,NBA,2023-02-16 02:00:00+00:00,1.0,10,1
141519775,82314,1.0,True,False,False,False,False,NBA $1 50-50 (Night),9.0,NBA,2023-02-16 02:00:00+00:00,1.0,10,1
141519776,82314,1.0,True,False,False,False,False,NBA $1 50-50 (Night),9.0,NBA,2023-02-16 02:00:00+00:00,1.0,10,1
141519855,82314,1.0,True,False,False,False,False,NBA $1 Double Up (Night),10.0,NBA,2023-02-16 02:00:00+00:00,1.0,11,1
141519828,82314,1.0,False,False,False,False,False,NBA $1 10-Player (Night),9.0,NBA,2023-02-16 02:00:00+00:00,1.0,10,1
141519829,82314,1.0,False,False,False,False,False,NBA $1 5-Player (Night),4.5,NBA,2023-02-16 02:00:00+00:00,1.0,5,1
141519830,82314,1.0,False,False,False,False,False,NBA $1 3-Player (Night),2.7,NBA,2023-02-16 02:00:00+00:00,1.0,3,1
141519831,82314,1.0,False,False,False,False,False,NBA $1 3-Player (Night),2.7,NBA,2023-02-16 02:00:00+00:00,1.0,3,1
141519862,82314,8.0,False,False,False,False,True,NBA Satellite to NAS 2-19 Fantasy Racing Millionaire [Must Fill] (Night),36.0,NBA,2023-02-16 02:00:00+00:00,8.0,5,0
141519785,82314,5.0,False,False,False,False,False,Beginner NBA $5 3-Player (Night),13.5,NBA,2023-02-16 02:00:00+00:00,5.0,3,0
141519849,82314,109.0,False,False,False,False,False,Casual NBA $109 5-Player (Night),500.0,NBA,2023-02-16 02:00:00+00:00,109.0,5,0
141519843,82314,50.0,False,False,False,False,False,Casual NBA $50 3-Player (Night),135.0,NBA,2023-02-16 02:00:00+00:00,50.0,3,0
141519844,82314,20.0,False,False,False,False,False,Casual NBA $20 3-Player (Night),54.0,NBA,2023-02-16 02:00:00+00:00,20.0,3,0
141519845,82314,10.0,False,False,False,False,False,Casual NBA $10 5-Player (Night),45.0,NBA,2023-02-16 02:00:00+00:00,10.0,5,0
141519846,82314,10.0,False,False,False,False,False,Casual NBA $10 3-Player (Night),27.0,NBA,2023-02-16 02:00:00+00:00,10.0,3,0
141519847,82314,2.0,False,False,False,False,False,Casual NBA $2 5-Player (Night),9.0,NBA,2023-02-16 02:00:00+00:00,2.0,5,0
141519848,82314,2.0,False,False,False,False,False,Casual NBA $2 3-Player (Night),5.4,NBA,2023-02-16 02:00:00+00:00,2.0,3,0
141519838,82314,10.0,True,False,False,False,False,Casual NBA $10 50-50 (Night),90.0,NBA,2023-02-16 02:00:00+00:00,10.0,10,0
141519839,82314,5.0,True,False,False,False,False,Casual NBA $5 50-50 (Night),45.0,NBA,2023-02-16 02:00:00+00:00,5.0,10,0
141519842,82314,1.0,True,False,False,False,False,Casual NBA $1 50-50 (Night),9.0,NBA,2023-02-16 02:00:00+00:00,1.0,10,0
141519840,82314,3.0,True,False,False,False,False,Casual NBA $3 50-50 (Night),27.0,NBA,2023-02-16 02:00:00+00:00,3.0,10,0
141519836,82314,50.0,True,False,False,False,False,Casual NBA $50 50-50 (Night),180.0,NBA,2023-02-16 02:00:00+00:00,50.0,4,0
141519837,82314,20.0,True,False,False,False,False,Casual NBA $20 50-50 (Night),72.0,NBA,2023-02-16 02:00:00+00:00,20.0,4,0
141519841,82314,3.0,True,False,False,False,False,Casual NBA $3 50-50 (Night),10.8,NBA,2023-02-16 02:00:00+00:00,3.0,4,0
141519742,82314,50.0,False,False,False,False,False,Beginner NBA $50 3-Player (Night),135.0,NBA,2023-02-16 02:00:00+00:00,50.0,3,0
141519741,82314,20.0,False,False,False,False,False,Beginner NBA $20 3-Player (Night),54.0,NBA,2023-02-16 02:00:00+00:00,20.0,3,0
141519743,82314,10.0,False,False,False,False,False,Beginner NBA $10 3-Player (Night),27.0,NBA,2023-02-16 02:00:00+00:00,10.0,3,0
141519744,82314,5.0,False,False,False,False,False,Beginner NBA $5 3-Player (Night),13.5,NBA,2023-02-16 02:00:00+00:00,5.0,3,0
141519787,82314,2.0,False,False,False,False,False,Beginner NBA $2 3-Player (Night),5.4,NBA,2023-02-16 02:00:00+00:00,2.0,3,0
141519745,82314,1.0,False,False,False,False,False,Beginner NBA $1 3-Player (Night),2.7,NBA,2023-02-16 02:00:00+00:00,1.0,3,0
141519783,82314,10.0,False,False,False,False,False,Beginner NBA $10 5-Player (Night),45.0,NBA,2023-02-16 02:00:00+00:00,10.0,5,0
141519784,82314,5.0,False,False,False,False,False,Beginner NBA $5 5-Player (Night),22.5,NBA,2023-02-16 02:00:00+00:00,5.0,5,0
141519786,82314,2.0,False,False,False,False,False,Beginner NBA $2 5-Player (Night),9.0,NBA,2023-02-16 02:00:00+00:00,2.0,5,0
141519788,82314,1.0,False,False,False,False,False,Beginner NBA $1 5-Player (Night),4.5,NBA,2023-02-16 02:00:00+00:00,1.0,5,0
141519777,82314,50.0,True,False,False,False,False,Beginner NBA $50 50-50 (Night),180.0,NBA,2023-02-16 02:00:00+00:00,50.0,4,0
141519778,82314,20.0,True,False,False,False,False,Beginner NBA $20 50-50 (Night),72.0,NBA,2023-02-16 02:00:00+00:00,20.0,4,0
141519779,82314,10.0,True,False,False,False,False,Beginner NBA $10 50-50 (Night),90.0,NBA,2023-02-16 02:00:00+00:00,10.0,10,0
141519780,82314,5.0,True,False,False,False,False,Beginner NBA $5 50-50 (Night),45.0,NBA,2023-02-16 02:00:00+00:00,5.0,10,0
141519781,82314,3.0,True,False,False,False,False,Beginner NBA $3 50-50 (Night),27.0,NBA,2023-02-16 02:00:00+00:00,3.0,10,0
141519782,82314,1.0,True,False,False,False,False,Beginner NBA $1 50-50 (Night),9.0,NBA,2023-02-16 02:00:00+00:00,1.0,10,0
141524218,82314,10600.0,False,False,False,False,False,"NBA $10,600 3-Player (Night)",30000.0,NBA,2023-02-16 02:00:00+00:00,10600.0,3,0
141524219,82314,5300.0,False,False,False,False,False,"NBA $5,300 3-Player (Night)",15000.0,NBA,2023-02-16 02:00:00+00:00,5300.0,3,0
141519746,82314,5300.0,True,False,False,False,False,"NBA $5,300 50-50 (Night)",20000.0,NBA,2023-02-16 02:00:00+00:00,5300.0,4,0
141519747,82314,1060.0,True,False,False,False,False,"NBA $1,060 50-50 (Night)",4000.0,NBA,2023-02-16 02:00:00+00:00,1060.0,4,0
141524220,82314,1060.0,False,False,False,False,False,"NBA $1,060 3-Player (Night)",3000.0,NBA,2023-02-16 02:00:00+00:00,1060.0,3,0
141519748,82314,530.0,True,False,False,False,False,NBA $530 50-50 (Night),2000.0,NBA,2023-02-16 02:00:00+00:00,530.0,4,0
141524221,82314,530.0,False,False,False,False,False,NBA $530 3-Player (Night),1500.0,NBA,2023-02-16 02:00:00+00:00,530.0,3,0
141519749,82314,162.0,True,False,False,False,False,NBA $162 50-50 (Night),600.0,NBA,2023-02-16 02:00:00+00:00,162.0,4,0
141524222,82314,162.0,False,False,False,False,False,NBA $162 3-Player (Night),450.0,NBA,2023-02-16 02:00:00+00:00,162.0,3,0
141519832,82314,109.0,True,False,False,False,False,NBA $109 50-50 (Night),600.0,NBA,2023-02-16 02:00:00+00:00,109.0,6,0
141519750,82314,109.0,True,False,False,False,False,NBA $109 50-50 (Night),400.0,NBA,2023-02-16 02:00:00+00:00,109.0,4,0
141524223,82314,109.0,False,False,False,False,False,NBA $109 3-Player (Night),300.0,NBA,2023-02-16 02:00:00+00:00,109.0,3,0
141524224,82314,109.0,False,False,False,False,False,NBA $109 3-Player (Night),300.0,NBA,2023-02-16 02:00:00+00:00,109.0,3,0
141519751,82314,50.0,True,False,False,False,False,NBA $50 50-50 (Night),180.0,NBA,2023-02-16 02:00:00+00:00,50.0,4,0
141519857,82314,50.0,True,False,False,False,False,NBA $50 Double Up (Night),1000.0,NBA,2023-02-16 02:00:00+00:00,50.0,22,0
141519852,82314,50.0,True,False,False,False,False,NBA $50 Double Up (Night),500.0,NBA,2023-02-16 02:00:00+00:00,50.0,11,0
141519796,82314,50.0,False,False,False,False,False,NBA $50 5-Player (Night),225.0,NBA,2023-02-16 02:00:00+00:00,50.0,5,0
141524225,82314,50.0,False,False,False,False,False,NBA $50 3-Player (Night),135.0,NBA,2023-02-16 02:00:00+00:00,50.0,3,0
141519856,82314,25.0,True,False,False,False,False,NBA $25 Double Up (Night),500.0,NBA,2023-02-16 02:00:00+00:00,25.0,22,0
141519851,82314,25.0,True,False,False,False,False,NBA $25 Double Up (Night),250.0,NBA,2023-02-16 02:00:00+00:00,25.0,11,0
141519752,82314,20.0,True,False,False,False,False,NBA $20 50-50 (Night),360.0,NBA,2023-02-16 02:00:00+00:00,20.0,20,0
141519753,82314,20.0,True,False,False,False,False,NBA $20 50-50 (Night),180.0,NBA,2023-02-16 02:00:00+00:00,20.0,10,0
141519754,82314,20.0,True,False,False,False,False,NBA $20 50-50 (Night),72.0,NBA,2023-02-16 02:00:00+00:00,20.0,4,0
141519755,82314,20.0,True,False,False,False,False,NBA $20 50-50 (Night),72.0,NBA,2023-02-16 02:00:00+00:00,20.0,4,0
141519798,82314,20.0,False,False,False,False,False,NBA $20 5-Player (Night),90.0,NBA,2023-02-16 02:00:00+00:00,20.0,5,0
141519799,82314,20.0,False,False,False,False,False,NBA $20 5-Player (Night),90.0,NBA,2023-02-16 02:00:00+00:00,20.0,5,0
141524226,82314,20.0,False,False,False,False,False,NBA $20 3-Player (Night),54.0,NBA,2023-02-16 02:00:00+00:00,20.0,3,0
141524227,82314,20.0,False,False,False,False,False,NBA $20 3-Player (Night),54.0,NBA,2023-02-16 02:00:00+00:00,20.0,3,0
141524228,82314,20.0,False,False,False,False,False,NBA $20 3-Player (Night),54.0,NBA,2023-02-16 02:00:00+00:00,20.0,3,0
141519756,82314,10.0,True,False,False,False,False,NBA $10 50-50 (Night),180.0,NBA,2023-02-16 02:00:00+00:00,10.0,20,0
141519757,82314,10.0,True,False,False,False,False,NBA $10 50-50 (Night),90.0,NBA,2023-02-16 02:00:00+00:00,10.0,10,0
141519758,82314,10.0,True,False,False,False,False,NBA $10 50-50 (Night),90.0,NBA,2023-02-16 02:00:00+00:00,10.0,10,0
141519850,82314,10.0,True,False,False,False,False,NBA $10 Double Up (Night),100.0,NBA,2023-02-16 02:00:00+00:00,10.0,11,0
141519759,82314,10.0,True,False,False,False,False,NBA $10 50-50 (Night),36.0,NBA,2023-02-16 02:00:00+00:00,10.0,4,0
141519760,82314,10.0,True,False,False,False,False,NBA $10 50-50 (Night),36.0,NBA,2023-02-16 02:00:00+00:00,10.0,4,0
141519761,82314,10.0,True,False,False,False,False,NBA $10 50-50 (Night),36.0,NBA,2023-02-16 02:00:00+00:00,10.0,4,0
141519803,82314,10.0,False,False,False,False,False,NBA $10 10-Player (Night),90.0,NBA,2023-02-16 02:00:00+00:00,10.0,10,0
141519804,82314,10.0,False,False,False,False,False,NBA $10 5-Player (Night),45.0,NBA,2023-02-16 02:00:00+00:00,10.0,5,0
141519805,82314,10.0,False,False,False,False,False,NBA $10 5-Player (Night),45.0,NBA,2023-02-16 02:00:00+00:00,10.0,5,0
141524229,82314,10.0,False,False,False,False,False,NBA $10 3-Player (Night),27.0,NBA,2023-02-16 02:00:00+00:00,10.0,3,0
141524230,82314,10.0,False,False,False,False,False,NBA $10 3-Player (Night),27.0,NBA,2023-02-16 02:00:00+00:00,10.0,3,0
141524231,82314,10.0,False,False,False,False,False,NBA $10 3-Player (Night),27.0,NBA,2023-02-16 02:00:00+00:00,10.0,3,0
141519762,82314,5.0,True,False,False,False,False,NBA $5 50-50 (Night),90.0,NBA,2023-02-16 02:00:00+00:00,5.0,20,0
141519763,82314,5.0,True,False,False,False,False,NBA $5 50-50 (Night),90.0,NBA,2023-02-16 02:00:00+00:00,5.0,20,0
141519764,82314,5.0,True,False,False,False,False,NBA $5 50-50 (Night),45.0,NBA,2023-02-16 02:00:00+00:00,5.0,10,0
141519765,82314,5.0,True,False,False,False,False,NBA $5 50-50 (Night),45.0,NBA,2023-02-16 02:00:00+00:00,5.0,10,0
141519766,82314,5.0,True,False,False,False,False,NBA $5 50-50 (Night),45.0,NBA,2023-02-16 02:00:00+00:00,5.0,10,0
141519853,82314,5.0,True,False,False,False,False,NBA $5 Double Up (Night),50.0,NBA,2023-02-16 02:00:00+00:00,5.0,11,0
141519809,82314,5.0,False,False,False,False,False,NBA $5 10-Player (Night),45.0,NBA,2023-02-16 02:00:00+00:00,5.0,10,0
141519810,82314,5.0,False,False,False,False,False,NBA $5 10-Player (Night),45.0,NBA,2023-02-16 02:00:00+00:00,5.0,10,0
141519811,82314,5.0,False,False,False,False,False,NBA $5 5-Player (Night),22.5,NBA,2023-02-16 02:00:00+00:00,5.0,5,0
141519812,82314,5.0,False,False,False,False,False,NBA $5 5-Player (Night),22.5,NBA,2023-02-16 02:00:00+00:00,5.0,5,0
141519813,82314,5.0,False,False,False,False,False,NBA $5 5-Player (Night),22.5,NBA,2023-02-16 02:00:00+00:00,5.0,5,0
141524232,82314,5.0,False,False,False,False,False,NBA $5 3-Player (Night),13.5,NBA,2023-02-16 02:00:00+00:00,5.0,3,0
141524233,82314,5.0,False,False,False,False,False,NBA $5 3-Player (Night),13.5,NBA,2023-02-16 02:00:00+00:00,5.0,3,0
141524234,82314,5.0,False,False,False,False,False,NBA $5 3-Player (Night),13.5,NBA,2023-02-16 02:00:00+00:00,5.0,3,0
141519854,82314,3.0,True,False,False,False,False,NBA $3 Double Up (Night),30.0,NBA,2023-02-16 02:00:00+00:00,3.0,11,0
141519767,82314,2.0,True,False,False,False,False,NBA $2 50-50 (Night),36.0,NBA,2023-02-16 02:00:00+00:00,2.0,20,0
141519768,82314,2.0,True,False,False,False,False,NBA $2 50-50 (Night),36.0,NBA,2023-02-16 02:00:00+00:00,2.0,20,0
141519769,82314,2.0,True,False,False,False,False,NBA $2 50-50 (Night),18.0,NBA,2023-02-16 02:00:00+00:00,2.0,10,0
141519770,82314,2.0,True,False,False,False,False,NBA $2 50-50 (Night),18.0,NBA,2023-02-16 02:00:00+00:00,2.0,10,0
141519771,82314,2.0,True,False,False,False,False,NBA $2 50-50 (Night),18.0,NBA,2023-02-16 02:00:00+00:00,2.0,10,0
141519817,82314,2.0,False,False,False,False,False,NBA $2 20-Player (Night),36.0,NBA,2023-02-16 02:00:00+00:00,2.0,20,0
141519818,82314,2.0,False,False,False,False,False,NBA $2 20-Player (Night),36.0,NBA,2023-02-16 02:00:00+00:00,2.0,20,0
141519819,82314,2.0,False,False,False,False,False,NBA $2 10-Player (Night),18.0,NBA,2023-02-16 02:00:00+00:00,2.0,10,0
141519820,82314,2.0,False,False,False,False,False,NBA $2 10-Player (Night),18.0,NBA,2023-02-16 02:00:00+00:00,2.0,10,0
141519821,82314,2.0,False,False,False,False,False,NBA $2 10-Player (Night),18.0,NBA,2023-02-16 02:00:00+00:00,2.0,10,0
141519822,82314,2.0,False,False,False,False,False,NBA $2 5-Player (Night),9.0,NBA,2023-02-16 02:00:00+00:00,2.0,5,0
141519823,82314,2.0,False,False,False,False,False,NBA $2 5-Player (Night),9.0,NBA,2023-02-16 02:00:00+00:00,2.0,5,0
141519824,82314,2.0,False,False,False,False,False,NBA $2 5-Player (Night),9.0,NBA,2023-02-16 02:00:00+00:00,2.0,5,0
141519825,82314,2.0,False,False,False,False,False,NBA $2 3-Player (Night),5.4,NBA,2023-02-16 02:00:00+00:00,2.0,3,0
141519826,82314,2.0,False,False,False,False,False,NBA $2 3-Player (Night),5.4,NBA,2023-02-16 02:00:00+00:00,2.0,3,0
141519827,82314,2.0,False,False,False,False,False,NBA $2 3-Player (Night),5.4,NBA,2023-02-16 02:00:00+00:00,2.0,3,0
141536044,82314,1.0,True,False,False,False,False,NBA $1 50-50 (Night),18.0,NBA,2023-02-16 02:00:00+00:00,1.0,20,0
141536045,82314,1.0,True,False,False,False,False,NBA $1 50-50 (Night),18.0,NBA,2023-02-16 02:00:00+00:00,1.0,20,0
141536046,82314,1.0,True,False,False,False,False,NBA $1 50-50 (Night),9.0,NBA,2023-02-16 02:00:00+00:00,1.0,10,0
141536047,82314,1.0,True,False,False,False,False,NBA $1 50-50 (Night),9.0,NBA,2023-02-16 02:00:00+00:00,1.0,10,0
141536048,82314,1.0,True,False,False,False,False,NBA $1 50-50 (Night),9.0,NBA,2023-02-16 02:00:00+00:00,1.0,10,0
141536053,82314,1.0,True,False,False,False,False,NBA $1 Double Up (Night),10.0,NBA,2023-02-16 02:00:00+00:00,1.0,11,0
141536049,82314,1.0,False,False,False,False,False,NBA $1 10-Player (Night),9.0,NBA,2023-02-16 02:00:00+00:00,1.0,10,0
141536050,82314,1.0,False,False,False,False,False,NBA $1 5-Player (Night),4.5,NBA,2023-02-16 02:00:00+00:00,1.0,5,0
141536051,82314,1.0,False,False,False,False,False,NBA $1 3-Player (Night),2.7,NBA,2023-02-16 02:00:00+00:00,1.0,3,0
141536052,82314,1.0,False,False,False,False,False,NBA $1 3-Player (Night),2.7,NBA,2023-02-16 02:00:00+00:00,1.0,3,0
141519833,82314,10600.0,False,False,False,False,False,"NBA $10,600 4-Player (Winner Takes All) (Night)",40000.0,NBA,2023-02-16 02:00:00+00:00,10600.0,4,0
141519834,82314,10600.0,False,False,False,False,False,"NBA $10,600 4-Player (Winner Takes All) (Night)",40000.0,NBA,2023-02-16 02:00:00+00:00,10600.0,4,0
141519835,82314,10600.0,False,False,False,False,False,"NBA $10,600 4-Player (Winner Takes All) (Night)",40000.0,NBA,2023-02-16 02:00:00+00:00,10600.0,4,0
141519923,82315,1060.0,False,False,False,False,False,"NBA Tiers $1,060 3-Player (Night Tiers)",3000.0,NBA,2023-02-16 02:00:00+00:00,1060.0,3,1
141519924,82315,530.0,False,False,False,False,False,NBA Tiers $530 3-Player (Night Tiers),1500.0,NBA,2023-02-16 02:00:00+00:00,530.0,3,1
141519925,82315,162.0,False,False,False,False,False,NBA Tiers $162 3-Player (Night Tiers),450.0,NBA,2023-02-16 02:00:00+00:00,162.0,3,1
141519926,82315,109.0,False,False,False,False,False,NBA Tiers $109 3-Player (Night Tiers),300.0,NBA,2023-02-16 02:00:00+00:00,109.0,3,1
141519927,82315,109.0,False,False,False,False,False,NBA Tiers $109 3-Player (Night Tiers),300.0,NBA,2023-02-16 02:00:00+00:00,109.0,3,1
141519929,82315,50.0,False,False,False,False,False,NBA Tiers $50 3-Player (Night Tiers),135.0,NBA,2023-02-16 02:00:00+00:00,50.0,3,1
141519932,82315,20.0,False,False,False,False,False,NBA Tiers $20 3-Player (Night Tiers),54.0,NBA,2023-02-16 02:00:00+00:00,20.0,3,1
141519933,82315,20.0,False,False,False,False,False,NBA Tiers $20 3-Player (Night Tiers),54.0,NBA,2023-02-16 02:00:00+00:00,20.0,3,1
141519934,82315,20.0,False,False,False,False,False,NBA Tiers $20 3-Player (Night Tiers),54.0,NBA,2023-02-16 02:00:00+00:00,20.0,3,1
141519938,82315,10.0,False,False,False,False,False,NBA Tiers $10 3-Player (Night Tiers),27.0,NBA,2023-02-16 02:00:00+00:00,10.0,3,1
141519939,82315,10.0,False,False,False,False,False,NBA Tiers $10 3-Player (Night Tiers),27.0,NBA,2023-02-16 02:00:00+00:00,10.0,3,1
141519940,82315,10.0,False,False,False,False,False,NBA Tiers $10 3-Player (Night Tiers),27.0,NBA,2023-02-16 02:00:00+00:00,10.0,3,1
141519946,82315,5.0,False,False,False,False,False,NBA Tiers $5 3-Player (Night Tiers),13.5,NBA,2023-02-16 02:00:00+00:00,5.0,3,1
141519947,82315,5.0,False,False,False,False,False,NBA Tiers $5 3-Player (Night Tiers),13.5,NBA,2023-02-16 02:00:00+00:00,5.0,3,1
141519948,82315,5.0,False,False,False,False,False,NBA Tiers $5 3-Player (Night Tiers),13.5,NBA,2023-02-16 02:00:00+00:00,5.0,3,1
141519904,82315,1.0,True,False,False,False,False,NBA Tiers $1 50-50 (Night Tiers),18.0,NBA,2023-02-16 02:00:00+00:00,1.0,20,1
141519905,82315,1.0,True,False,False,False,False,NBA Tiers $1 50-50 (Night Tiers),18.0,NBA,2023-02-16 02:00:00+00:00,1.0,20,1
141519906,82315,1.0,True,False,False,False,False,NBA Tiers $1 50-50 (Night Tiers),9.0,NBA,2023-02-16 02:00:00+00:00,1.0,10,1
141519907,82315,1.0,True,False,False,False,False,NBA Tiers $1 50-50 (Night Tiers),9.0,NBA,2023-02-16 02:00:00+00:00,1.0,10,1
141519908,82315,1.0,True,False,False,False,False,NBA Tiers $1 50-50 (Night Tiers),9.0,NBA,2023-02-16 02:00:00+00:00,1.0,10,1
141519987,82315,1.0,True,False,False,False,False,NBA Tiers $1 Double Up (Night Tiers),10.0,NBA,2023-02-16 02:00:00+00:00,1.0,11,1
141532072,82315,1.0,False,False,False,False,False,NBA Tiers $1 12-Player (Top 5 Win) (Night Tiers),10.8,NBA,2023-02-16 02:00:00+00:00,1.0,12,2
141519960,82315,1.0,False,False,False,False,False,NBA Tiers $1 10-Player (Night Tiers),9.0,NBA,2023-02-16 02:00:00+00:00,1.0,10,1
141519961,82315,1.0,False,False,False,False,False,NBA Tiers $1 5-Player (Night Tiers),4.5,NBA,2023-02-16 02:00:00+00:00,1.0,5,1
141519962,82315,1.0,False,False,False,False,False,NBA Tiers $1 3-Player (Night Tiers),2.7,NBA,2023-02-16 02:00:00+00:00,1.0,3,1
141519963,82315,1.0,False,False,False,False,False,NBA Tiers $1 3-Player (Night Tiers),2.7,NBA,2023-02-16 02:00:00+00:00,1.0,3,1
141519994,82315,8.0,False,False,False,False,True,NBA Tiers Satellite to NAS 2-19 Fantasy Racing Millionaire [Must Fill] (Night Tiers),36.0,NBA,2023-02-16 02:00:00+00:00,8.0,5,0
141519917,82315,5.0,False,False,False,False,False,Beginner NBA Tiers $5 3-Player (Night Tiers),13.5,NBA,2023-02-16 02:00:00+00:00,5.0,3,0
141519981,82315,109.0,False,False,False,False,False,Casual NBA Tiers $109 5-Player (Night Tiers),500.0,NBA,2023-02-16 02:00:00+00:00,109.0,5,0
141519975,82315,50.0,False,False,False,False,False,Casual NBA Tiers $50 3-Player (Night Tiers),135.0,NBA,2023-02-16 02:00:00+00:00,50.0,3,0
141519976,82315,20.0,False,False,False,False,False,Casual NBA Tiers $20 3-Player (Night Tiers),54.0,NBA,2023-02-16 02:00:00+00:00,20.0,3,0
141519977,82315,10.0,False,False,False,False,False,Casual NBA Tiers $10 5-Player (Night Tiers),45.0,NBA,2023-02-16 02:00:00+00:00,10.0,5,0
141519978,82315,10.0,False,False,False,False,False,Casual NBA Tiers $10 3-Player (Night Tiers),27.0,NBA,2023-02-16 02:00:00+00:00,10.0,3,0
141519979,82315,2.0,False,False,False,False,False,Casual NBA Tiers $2 5-Player (Night Tiers),9.0,NBA,2023-02-16 02:00:00+00:00,2.0,5,0
141519980,82315,2.0,False,False,False,False,False,Casual NBA Tiers $2 3-Player (Night Tiers),5.4,NBA,2023-02-16 02:00:00+00:00,2.0,3,0
141519970,82315,10.0,True,False,False,False,False,Casual NBA Tiers $10 50-50 (Night Tiers),90.0,NBA,2023-02-16 02:00:00+00:00,10.0,10,0
141519971,82315,5.0,True,False,False,False,False,Casual NBA Tiers $5 50-50 (Night Tiers),45.0,NBA,2023-02-16 02:00:00+00:00,5.0,10,0
141519974,82315,1.0,True,False,False,False,False,Casual NBA Tiers $1 50-50 (Night Tiers),9.0,NBA,2023-02-16 02:00:00+00:00,1.0,10,0
141519972,82315,3.0,True,False,False,False,False,Casual NBA Tiers $3 50-50 (Night Tiers),27.0,NBA,2023-02-16 02:00:00+00:00,3.0,10,0
141519968,82315,50.0,True,False,False,False,False,Casual NBA Tiers $50 50-50 (Night Tiers),180.0,NBA,2023-02-16 02:00:00+00:00,50.0,4,0
141519969,82315,20.0,True,False,False,False,False,Casual NBA Tiers $20 50-50 (Night Tiers),72.0,NBA,2023-02-16 02:00:00+00:00,20.0,4,0
141519973,82315,3.0,True,False,False,False,False,Casual NBA Tiers $3 50-50 (Night Tiers),10.8,NBA,2023-02-16 02:00:00+00:00,3.0,4,0
141519874,82315,50.0,False,False,False,False,False,Beginner NBA Tiers $50 3-Player (Night Tiers),135.0,NBA,2023-02-16 02:00:00+00:00,50.0,3,0
141519873,82315,20.0,False,False,False,False,False,Beginner NBA Tiers $20 3-Player (Night Tiers),54.0,NBA,2023-02-16 02:00:00+00:00,20.0,3,0
141519875,82315,10.0,False,False,False,False,False,Beginner NBA Tiers $10 3-Player (Night Tiers),27.0,NBA,2023-02-16 02:00:00+00:00,10.0,3,0
141519876,82315,5.0,False,False,False,False,False,Beginner NBA Tiers $5 3-Player (Night Tiers),13.5,NBA,2023-02-16 02:00:00+00:00,5.0,3,0
141519919,82315,2.0,False,False,False,False,False,Beginner NBA Tiers $2 3-Player (Night Tiers),5.4,NBA,2023-02-16 02:00:00+00:00,2.0,3,0
141519877,82315,1.0,False,False,False,False,False,Beginner NBA Tiers $1 3-Player (Night Tiers),2.7,NBA,2023-02-16 02:00:00+00:00,1.0,3,0
141519915,82315,10.0,False,False,False,False,False,Beginner NBA Tiers $10 5-Player (Night Tiers),45.0,NBA,2023-02-16 02:00:00+00:00,10.0,5,0
141519916,82315,5.0,False,False,False,False,False,Beginner NBA Tiers $5 5-Player (Night Tiers),22.5,NBA,2023-02-16 02:00:00+00:00,5.0,5,0
141519918,82315,2.0,False,False,False,False,False,Beginner NBA Tiers $2 5-Player (Night Tiers),9.0,NBA,2023-02-16 02:00:00+00:00,2.0,5,0
141519920,82315,1.0,False,False,False,False,False,Beginner NBA Tiers $1 5-Player (Night Tiers),4.5,NBA,2023-02-16 02:00:00+00:00,1.0,5,0
141519909,82315,50.0,True,False,False,False,False,Beginner NBA Tiers $50 50-50 (Night Tiers),180.0,NBA,2023-02-16 02:00:00+00:00,50.0,4,0
141519910,82315,20.0,True,False,False,False,False,Beginner NBA Tiers $20 50-50 (Night Tiers),72.0,NBA,2023-02-16 02:00:00+00:00,20.0,4,0
141519911,82315,10.0,True,False,False,False,False,Beginner NBA Tiers $10 50-50 (Night Tiers),90.0,NBA,2023-02-16 02:00:00+00:00,10.0,10,0
141519912,82315,5.0,True,False,False,False,False,Beginner NBA Tiers $5 50-50 (Night Tiers),45.0,NBA,2023-02-16 02:00:00+00:00,5.0,10,0
141519913,82315,3.0,True,False,False,False,False,Beginner NBA Tiers $3 50-50 (Night Tiers),27.0,NBA,2023-02-16 02:00:00+00:00,3.0,10,0
141519914,82315,1.0,True,False,False,False,False,Beginner NBA Tiers $1 50-50 (Night Tiers),9.0,NBA,2023-02-16 02:00:00+00:00,1.0,10,0
141519921,82315,10600.0,False,False,False,False,False,"NBA Tiers $10,600 3-Player (Night Tiers)",30000.0,NBA,2023-02-16 02:00:00+00:00,10600.0,3,0
141535083,82315,10600.0,False,False,False,False,False,"NBA Tiers $10,600 3-Player (Night Tiers)",30000.0,NBA,2023-02-16 02:00:00+00:00,10600.0,3,0
141519922,82315,5300.0,False,False,False,False,False,"NBA Tiers $5,300 3-Player (Night Tiers)",15000.0,NBA,2023-02-16 02:00:00+00:00,5300.0,3,0
141535084,82315,5300.0,False,False,False,False,False,"NBA Tiers $5,300 3-Player (Night Tiers)",15000.0,NBA,2023-02-16 02:00:00+00:00,5300.0,3,0
141519878,82315,5300.0,True,False,False,False,False,"NBA Tiers $5,300 50-50 (Night Tiers)",20000.0,NBA,2023-02-16 02:00:00+00:00,5300.0,4,0
141519879,82315,1060.0,True,False,False,False,False,"NBA Tiers $1,060 50-50 (Night Tiers)",4000.0,NBA,2023-02-16 02:00:00+00:00,1060.0,4,0
141535085,82315,1060.0,False,False,False,False,False,"NBA Tiers $1,060 3-Player (Night Tiers)",3000.0,NBA,2023-02-16 02:00:00+00:00,1060.0,3,0
141519880,82315,530.0,True,False,False,False,False,NBA Tiers $530 50-50 (Night Tiers),2000.0,NBA,2023-02-16 02:00:00+00:00,530.0,4,0
141535086,82315,530.0,False,False,False,False,False,NBA Tiers $530 3-Player (Night Tiers),1500.0,NBA,2023-02-16 02:00:00+00:00,530.0,3,0
141519881,82315,162.0,True,False,False,False,False,NBA Tiers $162 50-50 (Night Tiers),600.0,NBA,2023-02-16 02:00:00+00:00,162.0,4,0
141535087,82315,162.0,False,False,False,False,False,NBA Tiers $162 3-Player (Night Tiers),450.0,NBA,2023-02-16 02:00:00+00:00,162.0,3,0
141519964,82315,109.0,True,False,False,False,False,NBA Tiers $109 50-50 (Night Tiers),600.0,NBA,2023-02-16 02:00:00+00:00,109.0,6,0
141519882,82315,109.0,True,False,False,False,False,NBA Tiers $109 50-50 (Night Tiers),400.0,NBA,2023-02-16 02:00:00+00:00,109.0,4,0
141535088,82315,109.0,False,False,False,False,False,NBA Tiers $109 3-Player (Night Tiers),300.0,NBA,2023-02-16 02:00:00+00:00,109.0,3,0
141535089,82315,109.0,False,False,False,False,False,NBA Tiers $109 3-Player (Night Tiers),300.0,NBA,2023-02-16 02:00:00+00:00,109.0,3,0
141519883,82315,50.0,True,False,False,False,False,NBA Tiers $50 50-50 (Night Tiers),180.0,NBA,2023-02-16 02:00:00+00:00,50.0,4,0
141519989,82315,50.0,True,False,False,False,False,NBA Tiers $50 Double Up (Night Tiers),1000.0,NBA,2023-02-16 02:00:00+00:00,50.0,22,0
141519984,82315,50.0,True,False,False,False,False,NBA Tiers $50 Double Up (Night Tiers),500.0,NBA,2023-02-16 02:00:00+00:00,50.0,11,0
141519928,82315,50.0,False,False,False,False,False,NBA Tiers $50 5-Player (Night Tiers),225.0,NBA,2023-02-16 02:00:00+00:00,50.0,5,0
141535090,82315,50.0,False,False,False,False,False,NBA Tiers $50 3-Player (Night Tiers),135.0,NBA,2023-02-16 02:00:00+00:00,50.0,3,0
141519988,82315,25.0,True,False,False,False,False,NBA Tiers $25 Double Up (Night Tiers),500.0,NBA,2023-02-16 02:00:00+00:00,25.0,22,0
141519983,82315,25.0,True,False,False,False,False,NBA Tiers $25 Double Up (Night Tiers),250.0,NBA,2023-02-16 02:00:00+00:00,25.0,11,0
141519884,82315,20.0,True,False,False,False,False,NBA Tiers $20 50-50 (Night Tiers),360.0,NBA,2023-02-16 02:00:00+00:00,20.0,20,0
141519885,82315,20.0,True,False,False,False,False,NBA Tiers $20 50-50 (Night Tiers),180.0,NBA,2023-02-16 02:00:00+00:00,20.0,10,0
141519886,82315,20.0,True,False,False,False,False,NBA Tiers $20 50-50 (Night Tiers),72.0,NBA,2023-02-16 02:00:00+00:00,20.0,4,0
141519887,82315,20.0,True,False,False,False,False,NBA Tiers $20 50-50 (Night Tiers),72.0,NBA,2023-02-16 02:00:00+00:00,20.0,4,0
141519930,82315,20.0,False,False,False,False,False,NBA Tiers $20 5-Player (Night Tiers),90.0,NBA,2023-02-16 02:00:00+00:00,20.0,5,0
141519931,82315,20.0,False,False,False,False,False,NBA Tiers $20 5-Player (Night Tiers),90.0,NBA,2023-02-16 02:00:00+00:00,20.0,5,0
141535091,82315,20.0,False,False,False,False,False,NBA Tiers $20 3-Player (Night Tiers),54.0,NBA,2023-02-16 02:00:00+00:00,20.0,3,0
141535092,82315,20.0,False,False,False,False,False,NBA Tiers $20 3-Player (Night Tiers),54.0,NBA,2023-02-16 02:00:00+00:00,20.0,3,0
141535093,82315,20.0,False,False,False,False,False,NBA Tiers $20 3-Player (Night Tiers),54.0,NBA,2023-02-16 02:00:00+00:00,20.0,3,0
141519888,82315,10.0,True,False,False,False,False,NBA Tiers $10 50-50 (Night Tiers),180.0,NBA,2023-02-16 02:00:00+00:00,10.0,20,0
141519889,82315,10.0,True,False,False,False,False,NBA Tiers $10 50-50 (Night Tiers),90.0,NBA,2023-02-16 02:00:00+00:00,10.0,10,0
141519890,82315,10.0,True,False,False,False,False,NBA Tiers $10 50-50 (Night Tiers),90.0,NBA,2023-02-16 02:00:00+00:00,10.0,10,0
141519982,82315,10.0,True,False,False,False,False,NBA Tiers $10 Double Up (Night Tiers),100.0,NBA,2023-02-16 02:00:00+00:00,10.0,11,0
141519891,82315,10.0,True,False,False,False,False,NBA Tiers $10 50-50 (Night Tiers),36.0,NBA,2023-02-16 02:00:00+00:00,10.0,4,0
141519892,82315,10.0,True,False,False,False,False,NBA Tiers $10 50-50 (Night Tiers),36.0,NBA,2023-02-16 02:00:00+00:00,10.0,4,0
141519893,82315,10.0,True,False,False,False,False,NBA Tiers $10 50-50 (Night Tiers),36.0,NBA,2023-02-16 02:00:00+00:00,10.0,4,0
141519935,82315,10.0,False,False,False,False,False,NBA Tiers $10 10-Player (Night Tiers),90.0,NBA,2023-02-16 02:00:00+00:00,10.0,10,0
141519936,82315,10.0,False,False,False,False,False,NBA Tiers $10 5-Player (Night Tiers),45.0,NBA,2023-02-16 02:00:00+00:00,10.0,5,0
141519937,82315,10.0,False,False,False,False,False,NBA Tiers $10 5-Player (Night Tiers),45.0,NBA,2023-02-16 02:00:00+00:00,10.0,5,0
141535094,82315,10.0,False,False,False,False,False,NBA Tiers $10 3-Player (Night Tiers),27.0,NBA,2023-02-16 02:00:00+00:00,10.0,3,0
141535095,82315,10.0,False,False,False,False,False,NBA Tiers $10 3-Player (Night Tiers),27.0,NBA,2023-02-16 02:00:00+00:00,10.0,3,0
141535096,82315,10.0,False,False,False,False,False,NBA Tiers $10 3-Player (Night Tiers),27.0,NBA,2023-02-16 02:00:00+00:00,10.0,3,0
141519894,82315,5.0,True,False,False,False,False,NBA Tiers $5 50-50 (Night Tiers),90.0,NBA,2023-02-16 02:00:00+00:00,5.0,20,0
141519895,82315,5.0,True,False,False,False,False,NBA Tiers $5 50-50 (Night Tiers),90.0,NBA,2023-02-16 02:00:00+00:00,5.0,20,0
141519896,82315,5.0,True,False,False,False,False,NBA Tiers $5 50-50 (Night Tiers),45.0,NBA,2023-02-16 02:00:00+00:00,5.0,10,0
141519897,82315,5.0,True,False,False,False,False,NBA Tiers $5 50-50 (Night Tiers),45.0,NBA,2023-02-16 02:00:00+00:00,5.0,10,0
141519898,82315,5.0,True,False,False,False,False,NBA Tiers $5 50-50 (Night Tiers),45.0,NBA,2023-02-16 02:00:00+00:00,5.0,10,0
141519985,82315,5.0,True,False,False,False,False,NBA Tiers $5 Double Up (Night Tiers),50.0,NBA,2023-02-16 02:00:00+00:00,5.0,11,0
141519941,82315,5.0,False,False,False,False,False,NBA Tiers $5 10-Player (Night Tiers),45.0,NBA,2023-02-16 02:00:00+00:00,5.0,10,0
141519942,82315,5.0,False,False,False,False,False,NBA Tiers $5 10-Player (Night Tiers),45.0,NBA,2023-02-16 02:00:00+00:00,5.0,10,0
141519943,82315,5.0,False,False,False,False,False,NBA Tiers $5 5-Player (Night Tiers),22.5,NBA,2023-02-16 02:00:00+00:00,5.0,5,0
141519944,82315,5.0,False,False,False,False,False,NBA Tiers $5 5-Player (Night Tiers),22.5,NBA,2023-02-16 02:00:00+00:00,5.0,5,0
141519945,82315,5.0,False,False,False,False,False,NBA Tiers $5 5-Player (Night Tiers),22.5,NBA,2023-02-16 02:00:00+00:00,5.0,5,0
141535097,82315,5.0,False,False,False,False,False,NBA Tiers $5 3-Player (Night Tiers),13.5,NBA,2023-02-16 02:00:00+00:00,5.0,3,0
141535098,82315,5.0,False,False,False,False,False,NBA Tiers $5 3-Player (Night Tiers),13.5,NBA,2023-02-16 02:00:00+00:00,5.0,3,0
141535099,82315,5.0,False,False,False,False,False,NBA Tiers $5 3-Player (Night Tiers),13.5,NBA,2023-02-16 02:00:00+00:00,5.0,3,0
141519986,82315,3.0,True,False,False,False,False,NBA Tiers $3 Double Up (Night Tiers),30.0,NBA,2023-02-16 02:00:00+00:00,3.0,11,0
141519899,82315,2.0,True,False,False,False,False,NBA Tiers $2 50-50 (Night Tiers),36.0,NBA,2023-02-16 02:00:00+00:00,2.0,20,0
141519900,82315,2.0,True,False,False,False,False,NBA Tiers $2 50-50 (Night Tiers),36.0,NBA,2023-02-16 02:00:00+00:00,2.0,20,0
141519901,82315,2.0,True,False,False,False,False,NBA Tiers $2 50-50 (Night Tiers),18.0,NBA,2023-02-16 02:00:00+00:00,2.0,10,0
141519902,82315,2.0,True,False,False,False,False,NBA Tiers $2 50-50 (Night Tiers),18.0,NBA,2023-02-16 02:00:00+00:00,2.0,10,0
141519903,82315,2.0,True,False,False,False,False,NBA Tiers $2 50-50 (Night Tiers),18.0,NBA,2023-02-16 02:00:00+00:00,2.0,10,0
141519949,82315,2.0,False,False,False,False,False,NBA Tiers $2 20-Player (Night Tiers),36.0,NBA,2023-02-16 02:00:00+00:00,2.0,20,0
141519950,82315,2.0,False,False,False,False,False,NBA Tiers $2 20-Player (Night Tiers),36.0,NBA,2023-02-16 02:00:00+00:00,2.0,20,0
141519951,82315,2.0,False,False,False,False,False,NBA Tiers $2 10-Player (Night Tiers),18.0,NBA,2023-02-16 02:00:00+00:00,2.0,10,0
141519952,82315,2.0,False,False,False,False,False,NBA Tiers $2 10-Player (Night Tiers),18.0,NBA,2023-02-16 02:00:00+00:00,2.0,10,0
141519953,82315,2.0,False,False,False,False,False,NBA Tiers $2 10-Player (Night Tiers),18.0,NBA,2023-02-16 02:00:00+00:00,2.0,10,0
141519954,82315,2.0,False,False,False,False,False,NBA Tiers $2 5-Player (Night Tiers),9.0,NBA,2023-02-16 02:00:00+00:00,2.0,5,0
141519955,82315,2.0,False,False,False,False,False,NBA Tiers $2 5-Player (Night Tiers),9.0,NBA,2023-02-16 02:00:00+00:00,2.0,5,0
141519956,82315,2.0,False,False,False,False,False,NBA Tiers $2 5-Player (Night Tiers),9.0,NBA,2023-02-16 02:00:00+00:00,2.0,5,0
141519957,82315,2.0,False,False,False,False,False,NBA Tiers $2 3-Player (Night Tiers),5.4,NBA,2023-02-16 02:00:00+00:00,2.0,3,0
141519958,82315,2.0,False,False,False,False,False,NBA Tiers $2 3-Player (Night Tiers),5.4,NBA,2023-02-16 02:00:00+00:00,2.0,3,0
141519959,82315,2.0,False,False,False,False,False,NBA Tiers $2 3-Player (Night Tiers),5.4,NBA,2023-02-16 02:00:00+00:00,2.0,3,0
141536283,82315,1.0,True,False,False,False,False,NBA Tiers $1 50-50 (Night Tiers),18.0,NBA,2023-02-16 02:00:00+00:00,1.0,20,0
141536284,82315,1.0,True,False,False,False,False,NBA Tiers $1 50-50 (Night Tiers),18.0,NBA,2023-02-16 02:00:00+00:00,1.0,20,0
141536285,82315,1.0,True,False,False,False,False,NBA Tiers $1 50-50 (Night Tiers),9.0,NBA,2023-02-16 02:00:00+00:00,1.0,10,0
141536286,82315,1.0,True,False,False,False,False,NBA Tiers $1 50-50 (Night Tiers),9.0,NBA,2023-02-16 02:00:00+00:00,1.0,10,0
141536287,82315,1.0,True,False,False,False,False,NBA Tiers $1 50-50 (Night Tiers),9.0,NBA,2023-02-16 02:00:00+00:00,1.0,10,0
141536292,82315,1.0,True,False,False,False,False,NBA Tiers $1 Double Up (Night Tiers),10.0,NBA,2023-02-16 02:00:00+00:00,1.0,11,0
141536288,82315,1.0,False,False,False,False,False,NBA Tiers $1 10-Player (Night Tiers),9.0,NBA,2023-02-16 02:00:00+00:00,1.0,10,0
141536289,82315,1.0,False,False,False,False,False,NBA Tiers $1 5-Player (Night Tiers),4.5,NBA,2023-02-16 02:00:00+00:00,1.0,5,0
141536290,82315,1.0,False,False,False,False,False,NBA Tiers $1 3-Player (Night Tiers),2.7,NBA,2023-02-16 02:00:00+00:00,1.0,3,0
141536291,82315,1.0,False,False,False,False,False,NBA Tiers $1 3-Player (Night Tiers),2.7,NBA,2023-02-16 02:00:00+00:00,1.0,3,0
141519965,82315,10600.0,False,False,False,False,False,"NBA Tiers $10,600 4-Player (Winner Takes All) (Night Tiers)",40000.0,NBA,2023-02-16 02:00:00+00:00,10600.0,4,0
141519966,82315,10600.0,False,False,False,False,False,"NBA Tiers $10,600 4-Player (Winner Takes All) (Night Tiers)",40000.0,NBA,2023-02-16 02:00:00+00:00,10600.0,4,0
141519967,82315,10600.0,False,False,False,False,False,"NBA Tiers $10,600 4-Player (Winner Takes All) (Night Tiers)",40000.0,NBA,2023-02-16 02:00:00+00:00,10600.0,4,0
141520046,82316,1.0,True,False,False,False,False,Beginner NBA Showdown $1 50-50 (NOP vs LAL),9.0,NBA,2023-02-16 03:00:00+00:00,1.0,10,1
141538957,82316,50.0,False,False,False,False,False,NBA Showdown $50 5-Player (Winner Takes All) (NOP vs LAL),225.0,NBA,2023-02-16 03:00:00+00:00,50.0,5,1
141520036,82316,1.0,True,False,False,False,False,NBA Showdown $1 50-50 (NOP vs LAL),18.0,NBA,2023-02-16 03:00:00+00:00,1.0,20,1
141520037,82316,1.0,True,False,False,False,False,NBA Showdown $1 50-50 (NOP vs LAL),18.0,NBA,2023-02-16 03:00:00+00:00,1.0,20,1
141520038,82316,1.0,True,False,False,False,False,NBA Showdown $1 50-50 (NOP vs LAL),9.0,NBA,2023-02-16 03:00:00+00:00,1.0,10,1
141520039,82316,1.0,True,False,False,False,False,NBA Showdown $1 50-50 (NOP vs LAL),9.0,NBA,2023-02-16 03:00:00+00:00,1.0,10,1
141520040,82316,1.0,True,False,False,False,False,NBA Showdown $1 50-50 (NOP vs LAL),9.0,NBA,2023-02-16 03:00:00+00:00,1.0,10,1
141520120,82316,1.0,True,False,False,False,False,NBA Showdown $1 Double Up (NOP vs LAL),10.0,NBA,2023-02-16 03:00:00+00:00,1.0,11,1
141529593,82316,1.0,False,False,False,False,False,NBA Showdown $1 40-Player (Winner Takes All) (NOP vs LAL),36.0,NBA,2023-02-16 03:00:00+00:00,1.0,40,4
141520092,82316,1.0,False,False,False,False,False,NBA Showdown $1 10-Player (NOP vs LAL),9.0,NBA,2023-02-16 03:00:00+00:00,1.0,10,1
141520093,82316,1.0,False,False,False,False,False,NBA Showdown $1 5-Player (NOP vs LAL),4.5,NBA,2023-02-16 03:00:00+00:00,1.0,5,1
141520095,82316,1.0,False,False,False,False,False,NBA Showdown $1 3-Player (NOP vs LAL),2.7,NBA,2023-02-16 03:00:00+00:00,1.0,3,1
141520096,82316,1.0,False,False,False,False,False,NBA Showdown $1 3-Player (NOP vs LAL),2.7,NBA,2023-02-16 03:00:00+00:00,1.0,3,1
141536264,82316,1.0,False,False,False,False,False,NBA Showdown $1 3-Player (NOP vs LAL),2.7,NBA,2023-02-16 03:00:00+00:00,1.0,3,1
141537946,82316,3.0,False,False,False,False,False,NBA Showdown $3 200-Player (Top 15 Win) (NOP vs LAL),540.0,NBA,2023-02-16 03:00:00+00:00,3.0,200,1
141537907,82316,0.0,False,False,False,False,False,NBA Showdown FREE 100-Player (NOP vs LAL),0.0,NBA,2023-02-16 03:00:00+00:00,0.0,100,2
141520127,82316,8.0,False,False,False,False,True,NBA Showdown Satellite to NAS 2-19 Fantasy Racing Millionaire [Must Fill] (NOP vs LAL),36.0,NBA,2023-02-16 03:00:00+00:00,8.0,5,0
141520049,82316,5.0,False,False,False,False,False,Beginner NBA Showdown $5 3-Player (NOP vs LAL),13.5,NBA,2023-02-16 03:00:00+00:00,5.0,3,0
141520114,82316,109.0,False,False,False,False,False,Casual NBA Showdown $109 5-Player (NOP vs LAL),500.0,NBA,2023-02-16 03:00:00+00:00,109.0,5,0
141520108,82316,50.0,False,False,False,False,False,Casual NBA Showdown $50 3-Player (NOP vs LAL),135.0,NBA,2023-02-16 03:00:00+00:00,50.0,3,0
141520109,82316,20.0,False,False,False,False,False,Casual NBA Showdown $20 3-Player (NOP vs LAL),54.0,NBA,2023-02-16 03:00:00+00:00,20.0,3,0
141520110,82316,10.0,False,False,False,False,False,Casual NBA Showdown $10 5-Player (NOP vs LAL),45.0,NBA,2023-02-16 03:00:00+00:00,10.0,5,0
141520111,82316,10.0,False,False,False,False,False,Casual NBA Showdown $10 3-Player (NOP vs LAL),27.0,NBA,2023-02-16 03:00:00+00:00,10.0,3,0
141520112,82316,2.0,False,False,False,False,False,Casual NBA Showdown $2 5-Player (NOP vs LAL),9.0,NBA,2023-02-16 03:00:00+00:00,2.0,5,0
141520113,82316,2.0,False,False,False,False,False,Casual NBA Showdown $2 3-Player (NOP vs LAL),5.4,NBA,2023-02-16 03:00:00+00:00,2.0,3,0
141520103,82316,10.0,True,False,False,False,False,Casual NBA Showdown $10 50-50 (NOP vs LAL),90.0,NBA,2023-02-16 03:00:00+00:00,10.0,10,0
141520104,82316,5.0,True,False,False,False,False,Casual NBA Showdown $5 50-50 (NOP vs LAL),45.0,NBA,2023-02-16 03:00:00+00:00,5.0,10,0
141520107,82316,1.0,True,False,False,False,False,Casual NBA Showdown $1 50-50 (NOP vs LAL),9.0,NBA,2023-02-16 03:00:00+00:00,1.0,10,0
141520105,82316,3.0,True,False,False,False,False,Casual NBA Showdown $3 50-50 (NOP vs LAL),27.0,NBA,2023-02-16 03:00:00+00:00,3.0,10,0
141520101,82316,50.0,True,False,False,False,False,Casual NBA Showdown $50 50-50 (NOP vs LAL),180.0,NBA,2023-02-16 03:00:00+00:00,50.0,4,0
141520102,82316,20.0,True,False,False,False,False,Casual NBA Showdown $20 50-50 (NOP vs LAL),72.0,NBA,2023-02-16 03:00:00+00:00,20.0,4,0
141520106,82316,3.0,True,False,False,False,False,Casual NBA Showdown $3 50-50 (NOP vs LAL),10.8,NBA,2023-02-16 03:00:00+00:00,3.0,4,0
141520006,82316,50.0,False,False,False,False,False,Beginner NBA Showdown $50 3-Player (NOP vs LAL),135.0,NBA,2023-02-16 03:00:00+00:00,50.0,3,0
141520005,82316,20.0,False,False,False,False,False,Beginner NBA Showdown $20 3-Player (NOP vs LAL),54.0,NBA,2023-02-16 03:00:00+00:00,20.0,3,0
141520007,82316,10.0,False,False,False,False,False,Beginner NBA Showdown $10 3-Player (NOP vs LAL),27.0,NBA,2023-02-16 03:00:00+00:00,10.0,3,0
141520008,82316,5.0,False,False,False,False,False,Beginner NBA Showdown $5 3-Player (NOP vs LAL),13.5,NBA,2023-02-16 03:00:00+00:00,5.0,3,0
141520051,82316,2.0,False,False,False,False,False,Beginner NBA Showdown $2 3-Player (NOP vs LAL),5.4,NBA,2023-02-16 03:00:00+00:00,2.0,3,0
141520009,82316,1.0,False,False,False,False,False,Beginner NBA Showdown $1 3-Player (NOP vs LAL),2.7,NBA,2023-02-16 03:00:00+00:00,1.0,3,0
141520047,82316,10.0,False,False,False,False,False,Beginner NBA Showdown $10 5-Player (NOP vs LAL),45.0,NBA,2023-02-16 03:00:00+00:00,10.0,5,0
141520048,82316,5.0,False,False,False,False,False,Beginner NBA Showdown $5 5-Player (NOP vs LAL),22.5,NBA,2023-02-16 03:00:00+00:00,5.0,5,0
141520050,82316,2.0,False,False,False,False,False,Beginner NBA Showdown $2 5-Player (NOP vs LAL),9.0,NBA,2023-02-16 03:00:00+00:00,2.0,5,0
141520052,82316,1.0,False,False,False,False,False,Beginner NBA Showdown $1 5-Player (NOP vs LAL),4.5,NBA,2023-02-16 03:00:00+00:00,1.0,5,0
141520041,82316,50.0,True,False,False,False,False,Beginner NBA Showdown $50 50-50 (NOP vs LAL),180.0,NBA,2023-02-16 03:00:00+00:00,50.0,4,0
141520042,82316,20.0,True,False,False,False,False,Beginner NBA Showdown $20 50-50 (NOP vs LAL),72.0,NBA,2023-02-16 03:00:00+00:00,20.0,4,0
141520043,82316,10.0,True,False,False,False,False,Beginner NBA Showdown $10 50-50 (NOP vs LAL),90.0,NBA,2023-02-16 03:00:00+00:00,10.0,10,0
141520044,82316,5.0,True,False,False,False,False,Beginner NBA Showdown $5 50-50 (NOP vs LAL),45.0,NBA,2023-02-16 03:00:00+00:00,5.0,10,0
141520045,82316,3.0,True,False,False,False,False,Beginner NBA Showdown $3 50-50 (NOP vs LAL),27.0,NBA,2023-02-16 03:00:00+00:00,3.0,10,0
141535722,82316,1.0,True,False,False,False,False,Beginner NBA Showdown $1 50-50 (NOP vs LAL),9.0,NBA,2023-02-16 03:00:00+00:00,1.0,10,0
141520053,82316,10600.0,False,False,False,False,False,"NBA Showdown $10,600 3-Player (NOP vs LAL)",30000.0,NBA,2023-02-16 03:00:00+00:00,10600.0,3,0
141520054,82316,5300.0,False,False,False,False,False,"NBA Showdown $5,300 3-Player (NOP vs LAL)",15000.0,NBA,2023-02-16 03:00:00+00:00,5300.0,3,0
141520010,82316,5300.0,True,False,False,False,False,"NBA Showdown $5,300 50-50 (NOP vs LAL)",20000.0,NBA,2023-02-16 03:00:00+00:00,5300.0,4,0
141520011,82316,1060.0,True,False,False,False,False,"NBA Showdown $1,060 50-50 (NOP vs LAL)",4000.0,NBA,2023-02-16 03:00:00+00:00,1060.0,4,0
141520055,82316,1060.0,False,False,False,False,False,"NBA Showdown $1,060 3-Player (NOP vs LAL)",3000.0,NBA,2023-02-16 03:00:00+00:00,1060.0,3,0
141520012,82316,530.0,True,False,False,False,False,NBA Showdown $530 50-50 (NOP vs LAL),2000.0,NBA,2023-02-16 03:00:00+00:00,530.0,4,0
141520056,82316,530.0,False,False,False,False,False,NBA Showdown $530 3-Player (NOP vs LAL),1500.0,NBA,2023-02-16 03:00:00+00:00,530.0,3,0
141520013,82316,162.0,True,False,False,False,False,NBA Showdown $162 50-50 (NOP vs LAL),600.0,NBA,2023-02-16 03:00:00+00:00,162.0,4,0
141520057,82316,162.0,False,False,False,False,False,NBA Showdown $162 3-Player (NOP vs LAL),450.0,NBA,2023-02-16 03:00:00+00:00,162.0,3,0
141520097,82316,109.0,True,False,False,False,False,NBA Showdown $109 50-50 (NOP vs LAL),600.0,NBA,2023-02-16 03:00:00+00:00,109.0,6,0
141520014,82316,109.0,True,False,False,False,False,NBA Showdown $109 50-50 (NOP vs LAL),400.0,NBA,2023-02-16 03:00:00+00:00,109.0,4,0
141520058,82316,109.0,False,False,False,False,False,NBA Showdown $109 3-Player (NOP vs LAL),300.0,NBA,2023-02-16 03:00:00+00:00,109.0,3,0
141520059,82316,109.0,False,False,False,False,False,NBA Showdown $109 3-Player (NOP vs LAL),300.0,NBA,2023-02-16 03:00:00+00:00,109.0,3,0
141520015,82316,50.0,True,False,False,False,False,NBA Showdown $50 50-50 (NOP vs LAL),180.0,NBA,2023-02-16 03:00:00+00:00,50.0,4,0
141520122,82316,50.0,True,False,False,False,False,NBA Showdown $50 Double Up (NOP vs LAL),1000.0,NBA,2023-02-16 03:00:00+00:00,50.0,22,0
141520117,82316,50.0,True,False,False,False,False,NBA Showdown $50 Double Up (NOP vs LAL),500.0,NBA,2023-02-16 03:00:00+00:00,50.0,11,0
141520060,82316,50.0,False,False,False,False,False,NBA Showdown $50 5-Player (NOP vs LAL),225.0,NBA,2023-02-16 03:00:00+00:00,50.0,5,0
141520061,82316,50.0,False,False,False,False,False,NBA Showdown $50 3-Player (NOP vs LAL),135.0,NBA,2023-02-16 03:00:00+00:00,50.0,3,0
141520121,82316,25.0,True,False,False,False,False,NBA Showdown $25 Double Up (NOP vs LAL),500.0,NBA,2023-02-16 03:00:00+00:00,25.0,22,0
141520116,82316,25.0,True,False,False,False,False,NBA Showdown $25 Double Up (NOP vs LAL),250.0,NBA,2023-02-16 03:00:00+00:00,25.0,11,0
141520016,82316,20.0,True,False,False,False,False,NBA Showdown $20 50-50 (NOP vs LAL),360.0,NBA,2023-02-16 03:00:00+00:00,20.0,20,0
141520017,82316,20.0,True,False,False,False,False,NBA Showdown $20 50-50 (NOP vs LAL),180.0,NBA,2023-02-16 03:00:00+00:00,20.0,10,0
141520018,82316,20.0,True,False,False,False,False,NBA Showdown $20 50-50 (NOP vs LAL),72.0,NBA,2023-02-16 03:00:00+00:00,20.0,4,0
141520019,82316,20.0,True,False,False,False,False,NBA Showdown $20 50-50 (NOP vs LAL),72.0,NBA,2023-02-16 03:00:00+00:00,20.0,4,0
141520062,82316,20.0,False,False,False,False,False,NBA Showdown $20 5-Player (NOP vs LAL),90.0,NBA,2023-02-16 03:00:00+00:00,20.0,5,0
141520063,82316,20.0,False,False,False,False,False,NBA Showdown $20 5-Player (NOP vs LAL),90.0,NBA,2023-02-16 03:00:00+00:00,20.0,5,0
141520064,82316,20.0,False,False,False,False,False,NBA Showdown $20 3-Player (NOP vs LAL),54.0,NBA,2023-02-16 03:00:00+00:00,20.0,3,0
141520065,82316,20.0,False,False,False,False,False,NBA Showdown $20 3-Player (NOP vs LAL),54.0,NBA,2023-02-16 03:00:00+00:00,20.0,3,0
141520066,82316,20.0,False,False,False,False,False,NBA Showdown $20 3-Player (NOP vs LAL),54.0,NBA,2023-02-16 03:00:00+00:00,20.0,3,0
141520020,82316,10.0,True,False,False,False,False,NBA Showdown $10 50-50 (NOP vs LAL),180.0,NBA,2023-02-16 03:00:00+00:00,10.0,20,0
141520021,82316,10.0,True,False,False,False,False,NBA Showdown $10 50-50 (NOP vs LAL),90.0,NBA,2023-02-16 03:00:00+00:00,10.0,10,0
141520022,82316,10.0,True,False,False,False,False,NBA Showdown $10 50-50 (NOP vs LAL),90.0,NBA,2023-02-16 03:00:00+00:00,10.0,10,0
141520115,82316,10.0,True,False,False,False,False,NBA Showdown $10 Double Up (NOP vs LAL),100.0,NBA,2023-02-16 03:00:00+00:00,10.0,11,0
141520023,82316,10.0,True,False,False,False,False,NBA Showdown $10 50-50 (NOP vs LAL),36.0,NBA,2023-02-16 03:00:00+00:00,10.0,4,0
141520024,82316,10.0,True,False,False,False,False,NBA Showdown $10 50-50 (NOP vs LAL),36.0,NBA,2023-02-16 03:00:00+00:00,10.0,4,0
141520025,82316,10.0,True,False,False,False,False,NBA Showdown $10 50-50 (NOP vs LAL),36.0,NBA,2023-02-16 03:00:00+00:00,10.0,4,0
141520067,82316,10.0,False,False,False,False,False,NBA Showdown $10 10-Player (NOP vs LAL),90.0,NBA,2023-02-16 03:00:00+00:00,10.0,10,0
141520068,82316,10.0,False,False,False,False,False,NBA Showdown $10 5-Player (NOP vs LAL),45.0,NBA,2023-02-16 03:00:00+00:00,10.0,5,0
141520069,82316,10.0,False,False,False,False,False,NBA Showdown $10 5-Player (NOP vs LAL),45.0,NBA,2023-02-16 03:00:00+00:00,10.0,5,0
141520070,82316,10.0,False,False,False,False,False,NBA Showdown $10 3-Player (NOP vs LAL),27.0,NBA,2023-02-16 03:00:00+00:00,10.0,3,0
141520071,82316,10.0,False,False,False,False,False,NBA Showdown $10 3-Player (NOP vs LAL),27.0,NBA,2023-02-16 03:00:00+00:00,10.0,3,0
141520072,82316,10.0,False,False,False,False,False,NBA Showdown $10 3-Player (NOP vs LAL),27.0,NBA,2023-02-16 03:00:00+00:00,10.0,3,0
141520026,82316,5.0,True,False,False,False,False,NBA Showdown $5 50-50 (NOP vs LAL),90.0,NBA,2023-02-16 03:00:00+00:00,5.0,20,0
141520027,82316,5.0,True,False,False,False,False,NBA Showdown $5 50-50 (NOP vs LAL),90.0,NBA,2023-02-16 03:00:00+00:00,5.0,20,0
141520028,82316,5.0,True,False,False,False,False,NBA Showdown $5 50-50 (NOP vs LAL),45.0,NBA,2023-02-16 03:00:00+00:00,5.0,10,0
141520029,82316,5.0,True,False,False,False,False,NBA Showdown $5 50-50 (NOP vs LAL),45.0,NBA,2023-02-16 03:00:00+00:00,5.0,10,0
141520030,82316,5.0,True,False,False,False,False,NBA Showdown $5 50-50 (NOP vs LAL),45.0,NBA,2023-02-16 03:00:00+00:00,5.0,10,0
141520118,82316,5.0,True,False,False,False,False,NBA Showdown $5 Double Up (NOP vs LAL),50.0,NBA,2023-02-16 03:00:00+00:00,5.0,11,0
141520073,82316,5.0,False,False,False,False,False,NBA Showdown $5 10-Player (NOP vs LAL),45.0,NBA,2023-02-16 03:00:00+00:00,5.0,10,0
141520074,82316,5.0,False,False,False,False,False,NBA Showdown $5 10-Player (NOP vs LAL),45.0,NBA,2023-02-16 03:00:00+00:00,5.0,10,0
141520075,82316,5.0,False,False,False,False,False,NBA Showdown $5 5-Player (NOP vs LAL),22.5,NBA,2023-02-16 03:00:00+00:00,5.0,5,0
141520076,82316,5.0,False,False,False,False,False,NBA Showdown $5 5-Player (NOP vs LAL),22.5,NBA,2023-02-16 03:00:00+00:00,5.0,5,0
141520077,82316,5.0,False,False,False,False,False,NBA Showdown $5 5-Player (NOP vs LAL),22.5,NBA,2023-02-16 03:00:00+00:00,5.0,5,0
141520078,82316,5.0,False,False,False,False,False,NBA Showdown $5 3-Player (NOP vs LAL),13.5,NBA,2023-02-16 03:00:00+00:00,5.0,3,0
141520079,82316,5.0,False,False,False,False,False,NBA Showdown $5 3-Player (NOP vs LAL),13.5,NBA,2023-02-16 03:00:00+00:00,5.0,3,0
141520080,82316,5.0,False,False,False,False,False,NBA Showdown $5 3-Player (NOP vs LAL),13.5,NBA,2023-02-16 03:00:00+00:00,5.0,3,0
141520119,82316,3.0,True,False,False,False,False,NBA Showdown $3 Double Up (NOP vs LAL),30.0,NBA,2023-02-16 03:00:00+00:00,3.0,11,0
141520031,82316,2.0,True,False,False,False,False,NBA Showdown $2 50-50 (NOP vs LAL),36.0,NBA,2023-02-16 03:00:00+00:00,2.0,20,0
141520032,82316,2.0,True,False,False,False,False,NBA Showdown $2 50-50 (NOP vs LAL),36.0,NBA,2023-02-16 03:00:00+00:00,2.0,20,0
141520033,82316,2.0,True,False,False,False,False,NBA Showdown $2 50-50 (NOP vs LAL),18.0,NBA,2023-02-16 03:00:00+00:00,2.0,10,0
141520034,82316,2.0,True,False,False,False,False,NBA Showdown $2 50-50 (NOP vs LAL),18.0,NBA,2023-02-16 03:00:00+00:00,2.0,10,0
141520035,82316,2.0,True,False,False,False,False,NBA Showdown $2 50-50 (NOP vs LAL),18.0,NBA,2023-02-16 03:00:00+00:00,2.0,10,0
141520081,82316,2.0,False,False,False,False,False,NBA Showdown $2 20-Player (NOP vs LAL),36.0,NBA,2023-02-16 03:00:00+00:00,2.0,20,0
141520082,82316,2.0,False,False,False,False,False,NBA Showdown $2 20-Player (NOP vs LAL),36.0,NBA,2023-02-16 03:00:00+00:00,2.0,20,0
141520083,82316,2.0,False,False,False,False,False,NBA Showdown $2 10-Player (NOP vs LAL),18.0,NBA,2023-02-16 03:00:00+00:00,2.0,10,0
141520084,82316,2.0,False,False,False,False,False,NBA Showdown $2 10-Player (NOP vs LAL),18.0,NBA,2023-02-16 03:00:00+00:00,2.0,10,0
141520085,82316,2.0,False,False,False,False,False,NBA Showdown $2 10-Player (NOP vs LAL),18.0,NBA,2023-02-16 03:00:00+00:00,2.0,10,0
141520086,82316,2.0,False,False,False,False,False,NBA Showdown $2 5-Player (NOP vs LAL),9.0,NBA,2023-02-16 03:00:00+00:00,2.0,5,0
141520087,82316,2.0,False,False,False,False,False,NBA Showdown $2 5-Player (NOP vs LAL),9.0,NBA,2023-02-16 03:00:00+00:00,2.0,5,0
141520088,82316,2.0,False,False,False,False,False,NBA Showdown $2 5-Player (NOP vs LAL),9.0,NBA,2023-02-16 03:00:00+00:00,2.0,5,0
141520089,82316,2.0,False,False,False,False,False,NBA Showdown $2 3-Player (NOP vs LAL),5.4,NBA,2023-02-16 03:00:00+00:00,2.0,3,0
141520090,82316,2.0,False,False,False,False,False,NBA Showdown $2 3-Player (NOP vs LAL),5.4,NBA,2023-02-16 03:00:00+00:00,2.0,3,0
141520091,82316,2.0,False,False,False,False,False,NBA Showdown $2 3-Player (NOP vs LAL),5.4,NBA,2023-02-16 03:00:00+00:00,2.0,3,0
141536257,82316,1.0,True,False,False,False,False,NBA Showdown $1 50-50 (NOP vs LAL),18.0,NBA,2023-02-16 03:00:00+00:00,1.0,20,0
141536258,82316,1.0,True,False,False,False,False,NBA Showdown $1 50-50 (NOP vs LAL),18.0,NBA,2023-02-16 03:00:00+00:00,1.0,20,0
141536259,82316,1.0,True,False,False,False,False,NBA Showdown $1 50-50 (NOP vs LAL),9.0,NBA,2023-02-16 03:00:00+00:00,1.0,10,0
141536260,82316,1.0,True,False,False,False,False,NBA Showdown $1 50-50 (NOP vs LAL),9.0,NBA,2023-02-16 03:00:00+00:00,1.0,10,0
141536261,82316,1.0,True,False,False,False,False,NBA Showdown $1 50-50 (NOP vs LAL),9.0,NBA,2023-02-16 03:00:00+00:00,1.0,10,0
141536266,82316,1.0,True,False,False,False,False,NBA Showdown $1 Double Up (NOP vs LAL),10.0,NBA,2023-02-16 03:00:00+00:00,1.0,11,0
141536262,82316,1.0,False,False,False,False,False,NBA Showdown $1 10-Player (NOP vs LAL),9.0,NBA,2023-02-16 03:00:00+00:00,1.0,10,0
141536263,82316,1.0,False,False,False,False,False,NBA Showdown $1 5-Player (NOP vs LAL),4.5,NBA,2023-02-16 03:00:00+00:00,1.0,5,0
141536265,82316,1.0,False,False,False,False,False,NBA Showdown $1 3-Player (NOP vs LAL),2.7,NBA,2023-02-16 03:00:00+00:00,1.0,3,0
141536739,82316,1.0,False,False,False,False,False,NBA Showdown $1 3-Player (NOP vs LAL),2.7,NBA,2023-02-16 03:00:00+00:00,1.0,3,0
141520098,82316,10600.0,False,False,False,False,False,"NBA Showdown $10,600 4-Player (Winner Takes All) (NOP vs LAL)",40000.0,NBA,2023-02-16 03:00:00+00:00,10600.0,4,0
141520099,82316,10600.0,False,False,False,False,False,"NBA Showdown $10,600 4-Player (Winner Takes All) (NOP vs LAL)",40000.0,NBA,2023-02-16 03:00:00+00:00,10600.0,4,0
141520100,82316,10600.0,False,False,False,False,False,"NBA Showdown $10,600 4-Player (Winner Takes All) (NOP vs LAL)",40000.0,NBA,2023-02-16 03:00:00+00:00,10600.0,4,0
141518266,82317,10.0,False,False,False,False,False,NBA Snake Showdown $10 4-Player (NOP vs LAL),36.0,NBA,2023-02-16 03:00:00+00:00,10.0,4,1
141531652,82317,1.0,False,False,False,False,False,NBA Snake Showdown $1 3-Player (NOP vs LAL),2.7,NBA,2023-02-16 03:00:00+00:00,1.0,3,1
141518264,82317,1.0,False,False,False,False,False,NBA Snake Showdown $1 4-Player (NOP vs LAL),3.6,NBA,2023-02-16 03:00:00+00:00,1.0,4,1
141518271,82317,50.0,False,False,False,False,False,NBA Snake Showdown $50 3-Player (NOP vs LAL),135.0,NBA,2023-02-16 03:00:00+00:00,50.0,3,1
141518258,82317,10.0,False,False,False,False,False,NBA Snake Showdown $10 3-Player (NOP vs LAL),27.0,NBA,2023-02-16 03:00:00+00:00,10.0,3,0
141518259,82317,10.0,False,False,False,False,False,NBA Snake Showdown $10 3-Player (NOP vs LAL),27.0,NBA,2023-02-16 03:00:00+00:00,10.0,3,0
141518260,82317,10.0,False,False,False,False,False,NBA Snake Showdown $10 3-Player (NOP vs LAL),27.0,NBA,2023-02-16 03:00:00+00:00,10.0,3,0
141534787,82317,1.0,False,False,False,False,False,NBA Snake Showdown $1 3-Player (NOP vs LAL),2.7,NBA,2023-02-16 03:00:00+00:00,1.0,3,0
141535997,82317,1.0,False,False,False,False,False,NBA Snake Showdown $1 3-Player (NOP vs LAL),2.7,NBA,2023-02-16 03:00:00+00:00,1.0,3,0
141518257,82317,5.0,False,False,False,False,False,NBA Snake Showdown $5 3-Player (NOP vs LAL),13.5,NBA,2023-02-16 03:00:00+00:00,5.0,3,0
141535568,82317,5.0,False,False,False,False,False,NBA Snake Showdown $5 3-Player (NOP vs LAL),13.5,NBA,2023-02-16 03:00:00+00:00,5.0,3,0
141518265,82317,5.0,False,False,False,False,False,NBA Snake Showdown $5 4-Player (NOP vs LAL),18.0,NBA,2023-02-16 03:00:00+00:00,5.0,4,0
141518261,82317,20.0,False,False,False,False,False,NBA Snake Showdown $20 3-Player (NOP vs LAL),54.0,NBA,2023-02-16 03:00:00+00:00,20.0,3,0
141518267,82317,20.0,False,False,False,False,False,NBA Snake Showdown $20 4-Player (NOP vs LAL),72.0,NBA,2023-02-16 03:00:00+00:00,20.0,4,0
141518268,82317,50.0,False,False,False,False,False,NBA Snake Showdown $50 4-Player (NOP vs LAL),180.0,NBA,2023-02-16 03:00:00+00:00,50.0,4,0
141518262,82317,109.0,False,False,False,False,False,NBA Snake Showdown $109 3-Player (NOP vs LAL),300.0,NBA,2023-02-16 03:00:00+00:00,109.0,3,0
141518269,82317,109.0,False,False,False,False,False,NBA Snake Showdown $109 4-Player (NOP vs LAL),400.0,NBA,2023-02-16 03:00:00+00:00,109.0,4,0
141518263,82317,530.0,False,False,False,False,False,NBA Snake Showdown $530 3-Player (NOP vs LAL),1500.0,NBA,2023-02-16 03:00:00+00:00,530.0,3,0
141518270,82317,530.0,False,False,False,False,False,NBA Snake Showdown $530 4-Player (NOP vs LAL),2000.0,NBA,2023-02-16 03:00:00+00:00,530.0,4,0
141518272,82317,1060.0,False,False,False,False,False,"NBA Snake Showdown $1,060 3-Player (NOP vs LAL)",3000.0,NBA,2023-02-16 03:00:00+00:00,1060.0,3,0
141518273,82317,2120.0,False,False,False,False,False,"NBA Snake Showdown $2,120 3-Player (NOP vs LAL)",6000.0,NBA,2023-02-16 03:00:00+00:00,2120.0,3,0
141518622,82318,10.0,False,False,False,False,False,Beginner NBA In-Game $10 3-Player (2H NOP vs LAL),27.0,NBA,2023-02-16 04:00:00+00:00,10.0,3,0
141518623,82318,5.0,False,False,False,False,False,Beginner NBA In-Game $5 3-Player (2H NOP vs LAL),13.5,NBA,2023-02-16 04:00:00+00:00,5.0,3,0
141518621,82318,2.0,False,False,False,False,False,Beginner NBA In-Game $2 3-Player (2H NOP vs LAL),5.4,NBA,2023-02-16 04:00:00+00:00,2.0,3,0
141518624,82318,1.0,False,False,False,False,False,Beginner NBA In-Game $1 3-Player (2H NOP vs LAL),2.7,NBA,2023-02-16 04:00:00+00:00,1.0,3,0
141518634,82318,5.0,False,False,False,False,False,Casual NBA In-Game $5 3-Player (2H NOP vs LAL),13.5,NBA,2023-02-16 04:00:00+00:00,5.0,3,0
141518635,82318,2.0,False,False,False,False,False,Casual NBA In-Game $2 3-Player (2H NOP vs LAL),5.4,NBA,2023-02-16 04:00:00+00:00,2.0,3,0
141518654,82318,20.0,True,False,False,False,False,Beginner NBA In-Game $20 50-50 (2H NOP vs LAL),72.0,NBA,2023-02-16 04:00:00+00:00,20.0,4,0
141518629,82318,20.0,True,False,False,False,False,Casual NBA In-Game $20 50-50 (2H NOP vs LAL),180.0,NBA,2023-02-16 04:00:00+00:00,20.0,10,0
141518655,82318,10.0,True,False,False,False,False,Beginner NBA In-Game $10 50-50 (2H NOP vs LAL),90.0,NBA,2023-02-16 04:00:00+00:00,10.0,10,0
141518630,82318,10.0,True,False,False,False,False,Casual NBA In-Game $10 50-50 (2H NOP vs LAL),90.0,NBA,2023-02-16 04:00:00+00:00,10.0,10,0
141518658,82318,5.0,True,False,False,False,False,Beginner NBA In-Game $5 50-50 (2H NOP vs LAL),45.0,NBA,2023-02-16 04:00:00+00:00,5.0,10,0
141518631,82318,5.0,True,False,False,False,False,Casual NBA In-Game $5 50-50 (2H NOP vs LAL),45.0,NBA,2023-02-16 04:00:00+00:00,5.0,10,0
141518657,82318,3.0,True,False,False,False,False,Beginner NBA In-Game $3 50-50 (2H NOP vs LAL),27.0,NBA,2023-02-16 04:00:00+00:00,3.0,10,0
141518632,82318,3.0,True,False,False,False,False,Casual NBA In-Game $3 50-50 (2H NOP vs LAL),27.0,NBA,2023-02-16 04:00:00+00:00,3.0,10,0
141518656,82318,1.0,True,False,False,False,False,Beginner NBA In-Game $1 50-50 (2H NOP vs LAL),9.0,NBA,2023-02-16 04:00:00+00:00,1.0,10,0
141518633,82318,1.0,True,False,False,False,False,Casual NBA In-Game $1 50-50 (2H NOP vs LAL),9.0,NBA,2023-02-16 04:00:00+00:00,1.0,10,0
141518653,82318,10600.0,False,False,False,False,False,"NBA In-Game $10,600 3-Player (2H NOP vs LAL)",30000.0,NBA,2023-02-16 04:00:00+00:00,10600.0,3,0
141518659,82318,5300.0,True,False,False,False,False,"NBA In-Game $5,300 50-50 (2H NOP vs LAL)",20000.0,NBA,2023-02-16 04:00:00+00:00,5300.0,4,0
141518652,82318,5300.0,False,False,False,False,False,"NBA In-Game $5,300 3-Player (2H NOP vs LAL)",15000.0,NBA,2023-02-16 04:00:00+00:00,5300.0,3,0
141518660,82318,1060.0,True,False,False,False,False,"NBA In-Game $1,060 50-50 (2H NOP vs LAL)",4000.0,NBA,2023-02-16 04:00:00+00:00,1060.0,4,0
141518651,82318,1060.0,False,False,False,False,False,"NBA In-Game $1,060 3-Player (2H NOP vs LAL)",3000.0,NBA,2023-02-16 04:00:00+00:00,1060.0,3,0
141518661,82318,530.0,True,False,False,False,False,NBA In-Game $530 50-50 (2H NOP vs LAL),2000.0,NBA,2023-02-16 04:00:00+00:00,530.0,4,0
141518650,82318,530.0,False,False,False,False,False,NBA In-Game $530 3-Player (2H NOP vs LAL),1500.0,NBA,2023-02-16 04:00:00+00:00,530.0,3,0
141518649,82318,162.0,False,False,False,False,False,NBA In-Game $162 3-Player (2H NOP vs LAL),450.0,NBA,2023-02-16 04:00:00+00:00,162.0,3,0
141518669,82318,109.0,True,False,False,False,False,NBA In-Game $109 50-50 (2H NOP vs LAL),600.0,NBA,2023-02-16 04:00:00+00:00,109.0,6,0
141518662,82318,109.0,True,False,False,False,False,NBA In-Game $109 50-50 (2H NOP vs LAL),400.0,NBA,2023-02-16 04:00:00+00:00,109.0,4,0
141518648,82318,109.0,False,False,False,False,False,NBA In-Game $109 3-Player (2H NOP vs LAL),300.0,NBA,2023-02-16 04:00:00+00:00,109.0,3,0
141518666,82318,50.0,True,False,False,False,False,NBA In-Game $50 50-50 (2H NOP vs LAL),450.0,NBA,2023-02-16 04:00:00+00:00,50.0,10,0
141518663,82318,50.0,True,False,False,False,False,NBA In-Game $50 50-50 (2H NOP vs LAL),180.0,NBA,2023-02-16 04:00:00+00:00,50.0,4,0
141518646,82318,50.0,False,False,False,False,False,NBA In-Game $50 5-Player (2H NOP vs LAL),225.0,NBA,2023-02-16 04:00:00+00:00,50.0,5,0
141518647,82318,50.0,False,False,False,False,False,NBA In-Game $50 3-Player (2H NOP vs LAL),135.0,NBA,2023-02-16 04:00:00+00:00,50.0,3,0
141518675,82318,20.0,True,False,False,False,False,NBA In-Game $20 50-50 (2H NOP vs LAL),360.0,NBA,2023-02-16 04:00:00+00:00,20.0,20,0
141518671,82318,20.0,True,False,False,False,False,NBA In-Game $20 50-50 (2H NOP vs LAL),180.0,NBA,2023-02-16 04:00:00+00:00,20.0,10,0
141518664,82318,20.0,True,False,False,False,False,NBA In-Game $20 50-50 (2H NOP vs LAL),72.0,NBA,2023-02-16 04:00:00+00:00,20.0,4,0
141518645,82318,20.0,False,False,False,False,False,NBA In-Game $20 3-Player (2H NOP vs LAL),54.0,NBA,2023-02-16 04:00:00+00:00,20.0,3,0
141518674,82318,10.0,True,False,False,False,False,NBA In-Game $10 50-50 (2H NOP vs LAL),180.0,NBA,2023-02-16 04:00:00+00:00,10.0,20,0
141518672,82318,10.0,True,False,False,False,False,NBA In-Game $10 50-50 (2H NOP vs LAL),90.0,NBA,2023-02-16 04:00:00+00:00,10.0,10,0
141518665,82318,10.0,True,False,False,False,False,NBA In-Game $10 50-50 (2H NOP vs LAL),36.0,NBA,2023-02-16 04:00:00+00:00,10.0,4,0
141518643,82318,10.0,False,False,False,False,False,NBA In-Game $10 5-Player (2H NOP vs LAL),45.0,NBA,2023-02-16 04:00:00+00:00,10.0,5,0
141518644,82318,10.0,False,False,False,False,False,NBA In-Game $10 3-Player (2H NOP vs LAL),27.0,NBA,2023-02-16 04:00:00+00:00,10.0,3,0
141518673,82318,5.0,True,False,False,False,False,NBA In-Game $5 50-50 (2H NOP vs LAL),90.0,NBA,2023-02-16 04:00:00+00:00,5.0,20,0
141518668,82318,5.0,True,False,False,False,False,NBA In-Game $5 50-50 (2H NOP vs LAL),45.0,NBA,2023-02-16 04:00:00+00:00,5.0,10,0
141518642,82318,5.0,False,False,False,False,False,NBA In-Game $5 10-Player (2H NOP vs LAL),45.0,NBA,2023-02-16 04:00:00+00:00,5.0,10,0
141518641,82318,5.0,False,False,False,False,False,NBA In-Game $5 5-Player (2H NOP vs LAL),22.5,NBA,2023-02-16 04:00:00+00:00,5.0,5,0
141518640,82318,5.0,False,False,False,False,False,NBA In-Game $5 3-Player (2H NOP vs LAL),13.5,NBA,2023-02-16 04:00:00+00:00,5.0,3,0
141518676,82318,2.0,True,False,False,False,False,NBA In-Game $2 50-50 (2H NOP vs LAL),36.0,NBA,2023-02-16 04:00:00+00:00,2.0,20,0
141518670,82318,2.0,True,False,False,False,False,NBA In-Game $2 50-50 (2H NOP vs LAL),18.0,NBA,2023-02-16 04:00:00+00:00,2.0,10,0
141518639,82318,2.0,False,False,False,False,False,NBA In-Game $2 10-Player (2H NOP vs LAL),18.0,NBA,2023-02-16 04:00:00+00:00,2.0,10,0
141518638,82318,2.0,False,False,False,False,False,NBA In-Game $2 5-Player (2H NOP vs LAL),9.0,NBA,2023-02-16 04:00:00+00:00,2.0,5,0
141518636,82318,2.0,False,False,False,False,False,NBA In-Game $2 3-Player (2H NOP vs LAL),5.4,NBA,2023-02-16 04:00:00+00:00,2.0,3,0
141518637,82318,2.0,False,False,False,False,False,NBA In-Game $2 3-Player (2H NOP vs LAL),5.4,NBA,2023-02-16 04:00:00+00:00,2.0,3,0
141518677,82318,1.0,True,False,False,False,False,NBA In-Game $1 50-50 (2H NOP vs LAL),18.0,NBA,2023-02-16 04:00:00+00:00,1.0,20,0
141518667,82318,1.0,True,False,False,False,False,NBA In-Game $1 50-50 (2H NOP vs LAL),9.0,NBA,2023-02-16 04:00:00+00:00,1.0,10,0
141518625,82318,1.0,False,False,False,False,False,NBA In-Game $1 10-Player (2H NOP vs LAL),9.0,NBA,2023-02-16 04:00:00+00:00,1.0,10,0
141518626,82318,1.0,False,False,False,False,False,NBA In-Game $1 5-Player (2H NOP vs LAL),4.5,NBA,2023-02-16 04:00:00+00:00,1.0,5,0
141518627,82318,1.0,False,False,False,False,False,NBA In-Game $1 3-Player (2H NOP vs LAL),2.7,NBA,2023-02-16 04:00:00+00:00,1.0,3,0
141518628,82318,1.0,False,False,False,False,False,NBA In-Game $1 3-Player (2H NOP vs LAL),2.7,NBA,2023-02-16 04:00:00+00:00,1.0,3,0
141518681,82319,10.0,False,False,False,False,False,Beginner NBA In-Game $10 3-Player (4Q NOP vs LAL),27.0,NBA,2023-02-16 04:20:00+00:00,10.0,3,0
141518682,82319,5.0,False,False,False,False,False,Beginner NBA In-Game $5 3-Player (4Q NOP vs LAL),13.5,NBA,2023-02-16 04:20:00+00:00,5.0,3,0
141518680,82319,2.0,False,False,False,False,False,Beginner NBA In-Game $2 3-Player (4Q NOP vs LAL),5.4,NBA,2023-02-16 04:20:00+00:00,2.0,3,0
141518683,82319,1.0,False,False,False,False,False,Beginner NBA In-Game $1 3-Player (4Q NOP vs LAL),2.7,NBA,2023-02-16 04:20:00+00:00,1.0,3,0
141518693,82319,5.0,False,False,False,False,False,Casual NBA In-Game $5 3-Player (4Q NOP vs LAL),13.5,NBA,2023-02-16 04:20:00+00:00,5.0,3,0
141518694,82319,2.0,False,False,False,False,False,Casual NBA In-Game $2 3-Player (4Q NOP vs LAL),5.4,NBA,2023-02-16 04:20:00+00:00,2.0,3,0
141518713,82319,20.0,True,False,False,False,False,Beginner NBA In-Game $20 50-50 (4Q NOP vs LAL),72.0,NBA,2023-02-16 04:20:00+00:00,20.0,4,0
141518688,82319,20.0,True,False,False,False,False,Casual NBA In-Game $20 50-50 (4Q NOP vs LAL),180.0,NBA,2023-02-16 04:20:00+00:00,20.0,10,0
141518714,82319,10.0,True,False,False,False,False,Beginner NBA In-Game $10 50-50 (4Q NOP vs LAL),90.0,NBA,2023-02-16 04:20:00+00:00,10.0,10,0
141518689,82319,10.0,True,False,False,False,False,Casual NBA In-Game $10 50-50 (4Q NOP vs LAL),90.0,NBA,2023-02-16 04:20:00+00:00,10.0,10,0
141518717,82319,5.0,True,False,False,False,False,Beginner NBA In-Game $5 50-50 (4Q NOP vs LAL),45.0,NBA,2023-02-16 04:20:00+00:00,5.0,10,0
141518690,82319,5.0,True,False,False,False,False,Casual NBA In-Game $5 50-50 (4Q NOP vs LAL),45.0,NBA,2023-02-16 04:20:00+00:00,5.0,10,0
141518716,82319,3.0,True,False,False,False,False,Beginner NBA In-Game $3 50-50 (4Q NOP vs LAL),27.0,NBA,2023-02-16 04:20:00+00:00,3.0,10,0
141518691,82319,3.0,True,False,False,False,False,Casual NBA In-Game $3 50-50 (4Q NOP vs LAL),27.0,NBA,2023-02-16 04:20:00+00:00,3.0,10,0
141518715,82319,1.0,True,False,False,False,False,Beginner NBA In-Game $1 50-50 (4Q NOP vs LAL),9.0,NBA,2023-02-16 04:20:00+00:00,1.0,10,0
141518692,82319,1.0,True,False,False,False,False,Casual NBA In-Game $1 50-50 (4Q NOP vs LAL),9.0,NBA,2023-02-16 04:20:00+00:00,1.0,10,0
141518712,82319,10600.0,False,False,False,False,False,"NBA In-Game $10,600 3-Player (4Q NOP vs LAL)",30000.0,NBA,2023-02-16 04:20:00+00:00,10600.0,3,0
141518718,82319,5300.0,True,False,False,False,False,"NBA In-Game $5,300 50-50 (4Q NOP vs LAL)",20000.0,NBA,2023-02-16 04:20:00+00:00,5300.0,4,0
141518711,82319,5300.0,False,False,False,False,False,"NBA In-Game $5,300 3-Player (4Q NOP vs LAL)",15000.0,NBA,2023-02-16 04:20:00+00:00,5300.0,3,0
141518719,82319,1060.0,True,False,False,False,False,"NBA In-Game $1,060 50-50 (4Q NOP vs LAL)",4000.0,NBA,2023-02-16 04:20:00+00:00,1060.0,4,0
141518710,82319,1060.0,False,False,False,False,False,"NBA In-Game $1,060 3-Player (4Q NOP vs LAL)",3000.0,NBA,2023-02-16 04:20:00+00:00,1060.0,3,0
141518720,82319,530.0,True,False,False,False,False,NBA In-Game $530 50-50 (4Q NOP vs LAL),2000.0,NBA,2023-02-16 04:20:00+00:00,530.0,4,0
141518709,82319,530.0,False,False,False,False,False,NBA In-Game $530 3-Player (4Q NOP vs LAL),1500.0,NBA,2023-02-16 04:20:00+00:00,530.0,3,0
141518708,82319,162.0,False,False,False,False,False,NBA In-Game $162 3-Player (4Q NOP vs LAL),450.0,NBA,2023-02-16 04:20:00+00:00,162.0,3,0
141518728,82319,109.0,True,False,False,False,False,NBA In-Game $109 50-50 (4Q NOP vs LAL),600.0,NBA,2023-02-16 04:20:00+00:00,109.0,6,0
141518721,82319,109.0,True,False,False,False,False,NBA In-Game $109 50-50 (4Q NOP vs LAL),400.0,NBA,2023-02-16 04:20:00+00:00,109.0,4,0
141518707,82319,109.0,False,False,False,False,False,NBA In-Game $109 3-Player (4Q NOP vs LAL),300.0,NBA,2023-02-16 04:20:00+00:00,109.0,3,0
141518725,82319,50.0,True,False,False,False,False,NBA In-Game $50 50-50 (4Q NOP vs LAL),450.0,NBA,2023-02-16 04:20:00+00:00,50.0,10,0
141518722,82319,50.0,True,False,False,False,False,NBA In-Game $50 50-50 (4Q NOP vs LAL),180.0,NBA,2023-02-16 04:20:00+00:00,50.0,4,0
141518705,82319,50.0,False,False,False,False,False,NBA In-Game $50 5-Player (4Q NOP vs LAL),225.0,NBA,2023-02-16 04:20:00+00:00,50.0,5,0
141518706,82319,50.0,False,False,False,False,False,NBA In-Game $50 3-Player (4Q NOP vs LAL),135.0,NBA,2023-02-16 04:20:00+00:00,50.0,3,0
141518734,82319,20.0,True,False,False,False,False,NBA In-Game $20 50-50 (4Q NOP vs LAL),360.0,NBA,2023-02-16 04:20:00+00:00,20.0,20,0
141518730,82319,20.0,True,False,False,False,False,NBA In-Game $20 50-50 (4Q NOP vs LAL),180.0,NBA,2023-02-16 04:20:00+00:00,20.0,10,0
141518723,82319,20.0,True,False,False,False,False,NBA In-Game $20 50-50 (4Q NOP vs LAL),72.0,NBA,2023-02-16 04:20:00+00:00,20.0,4,0
141518704,82319,20.0,False,False,False,False,False,NBA In-Game $20 3-Player (4Q NOP vs LAL),54.0,NBA,2023-02-16 04:20:00+00:00,20.0,3,0
141518733,82319,10.0,True,False,False,False,False,NBA In-Game $10 50-50 (4Q NOP vs LAL),180.0,NBA,2023-02-16 04:20:00+00:00,10.0,20,0
141518731,82319,10.0,True,False,False,False,False,NBA In-Game $10 50-50 (4Q NOP vs LAL),90.0,NBA,2023-02-16 04:20:00+00:00,10.0,10,0
141518724,82319,10.0,True,False,False,False,False,NBA In-Game $10 50-50 (4Q NOP vs LAL),36.0,NBA,2023-02-16 04:20:00+00:00,10.0,4,0
141518702,82319,10.0,False,False,False,False,False,NBA In-Game $10 5-Player (4Q NOP vs LAL),45.0,NBA,2023-02-16 04:20:00+00:00,10.0,5,0
141518703,82319,10.0,False,False,False,False,False,NBA In-Game $10 3-Player (4Q NOP vs LAL),27.0,NBA,2023-02-16 04:20:00+00:00,10.0,3,0
141518732,82319,5.0,True,False,False,False,False,NBA In-Game $5 50-50 (4Q NOP vs LAL),90.0,NBA,2023-02-16 04:20:00+00:00,5.0,20,0
141518727,82319,5.0,True,False,False,False,False,NBA In-Game $5 50-50 (4Q NOP vs LAL),45.0,NBA,2023-02-16 04:20:00+00:00,5.0,10,0
141518701,82319,5.0,False,False,False,False,False,NBA In-Game $5 10-Player (4Q NOP vs LAL),45.0,NBA,2023-02-16 04:20:00+00:00,5.0,10,0
141518700,82319,5.0,False,False,False,False,False,NBA In-Game $5 5-Player (4Q NOP vs LAL),22.5,NBA,2023-02-16 04:20:00+00:00,5.0,5,0
141518699,82319,5.0,False,False,False,False,False,NBA In-Game $5 3-Player (4Q NOP vs LAL),13.5,NBA,2023-02-16 04:20:00+00:00,5.0,3,0
141518735,82319,2.0,True,False,False,False,False,NBA In-Game $2 50-50 (4Q NOP vs LAL),36.0,NBA,2023-02-16 04:20:00+00:00,2.0,20,0
141518729,82319,2.0,True,False,False,False,False,NBA In-Game $2 50-50 (4Q NOP vs LAL),18.0,NBA,2023-02-16 04:20:00+00:00,2.0,10,0
141518698,82319,2.0,False,False,False,False,False,NBA In-Game $2 10-Player (4Q NOP vs LAL),18.0,NBA,2023-02-16 04:20:00+00:00,2.0,10,0
141518697,82319,2.0,False,False,False,False,False,NBA In-Game $2 5-Player (4Q NOP vs LAL),9.0,NBA,2023-02-16 04:20:00+00:00,2.0,5,0
141518695,82319,2.0,False,False,False,False,False,NBA In-Game $2 3-Player (4Q NOP vs LAL),5.4,NBA,2023-02-16 04:20:00+00:00,2.0,3,0
141518696,82319,2.0,False,False,False,False,False,NBA In-Game $2 3-Player (4Q NOP vs LAL),5.4,NBA,2023-02-16 04:20:00+00:00,2.0,3,0
141518736,82319,1.0,True,False,False,False,False,NBA In-Game $1 50-50 (4Q NOP vs LAL),18.0,NBA,2023-02-16 04:20:00+00:00,1.0,20,0
141518726,82319,1.0,True,False,False,False,False,NBA In-Game $1 50-50 (4Q NOP vs LAL),9.0,NBA,2023-02-16 04:20:00+00:00,1.0,10,0
141518684,82319,1.0,False,False,False,False,False,NBA In-Game $1 10-Player (4Q NOP vs LAL),9.0,NBA,2023-02-16 04:20:00+00:00,1.0,10,0
141518685,82319,1.0,False,False,False,False,False,NBA In-Game $1 5-Player (4Q NOP vs LAL),4.5,NBA,2023-02-16 04:20:00+00:00,1.0,5,0
141518686,82319,1.0,False,False,False,False,False,NBA In-Game $1 3-Player (4Q NOP vs LAL),2.7,NBA,2023-02-16 04:20:00+00:00,1.0,3,0
141518687,82319,1.0,False,False,False,False,False,NBA In-Game $1 3-Player (4Q NOP vs LAL),2.7,NBA,2023-02-16 04:20:00+00:00,1.0,3,0
