,entry_max_per_user
143485759,20
143485760,1
143485761,1
143485762,11
143485763,1
143485764,20
143485765,1
143485766,35
143485767,1
143487795,150
143487796,1
143487797,1
143487798,1
143487799,1
143487800,1
143487801,1
143487802,1
143487803,1
143487804,2
143487805,1
143487806,1
143487807,1
143487808,6
143487809,13
143487810,20
143487811,1
143487812,3
143487813,20
143487814,1
143487815,1
143487816,1
143487817,1
143487818,1
143487819,1
143487820,1
143487821,142
143487822,20
143487823,1
143487824,1
143487825,20
143487826,11
143487827,1
143487828,20
143487829,1
143487830,1
143487831,20
143487832,1
143487833,2
143487834,20
143487835,1
143487836,150
143487837,1
143487838,1
143487839,1
143487840,20
143487841,1
143487842,2
143487843,2
143487844,20
143487845,1
143487846,141
143487847,20
143487848,20
143487849,1
143487850,1
143487851,20
143487852,1
143487853,20
143487854,1
143487855,1
143487856,1
143487857,141
143487858,1
143487859,1
143487860,1
143487861,1
143487862,20
143487863,4
143487864,20
143487865,20
143487866,1
143487867,20
143487868,1
143487869,1
143487870,1
143487871,71
143487872,4
143487873,20
143487874,1
143487875,2
143487876,20
143487877,20
143487878,1
143487879,1
143487880,1
143487881,6
143487882,20
143487883,1
143487884,1
143487885,21
143487886,2
143487887,1
143487888,1
143487889,1
143487890,1
143487891,1
143487892,17
143487893,14
143487894,1
143487895,3
143487896,7
143487897,1
143487898,1
143487899,1
143487900,1
143488059,1
143488060,1
143488061,1
143488062,1
143488063,1
143488064,1
143488065,1
143488066,1
143488067,1
143488068,1
143488069,1
143488070,1
143488071,1
143488072,1
143488073,1
143488074,1
143488075,1
143488076,1
143488077,1
143488078,1
143488079,1
143488080,1
143488081,1
143488082,1
143488083,1
143488084,1
143488085,1
143488086,1
143488087,1
143488088,1
143488089,1
143488090,1
143488091,1
143488092,1
143488093,1
143488094,1
143488095,1
143488096,1
143488097,1
143488098,1
143488099,1
143488100,1
143488101,1
143488102,1
143488103,1
143488104,1
143488105,1
143488106,1
143488107,1
143488108,1
143488109,1
143488110,1
143488111,1
143488112,1
143488113,1
143488114,1
143488115,1
143488116,1
143488117,1
143488118,1
143488119,1
143488120,1
143488121,1
143488122,1
143488123,1
143488124,1
143488125,1
143488126,1
143488127,1
143488128,1
143488129,1
143488130,1
143488131,1
143488132,1
143488133,1
143488134,1
143488135,1
143488136,1
143488137,1
143488138,1
143488139,1
143488140,1
143488141,1
143488142,1
143488143,1
143488144,1
143488145,1
143488146,1
143488147,1
143488148,1
143488149,1
143488150,1
143488151,1
143488152,1
143488153,1
143488154,1
143488155,1
143488156,1
143488157,1
143488158,1
143488159,1
143488160,1
143488161,1
143488162,1
143488163,1
143488164,1
143488165,1
143488166,1
143488167,1
143488168,1
143488169,1
143488170,1
143488171,1
143488172,1
143488173,1
143488174,1
143488175,1
143488176,1
143488177,1
143488178,1
143488179,1
143488180,1
143488181,1
143488182,1
143488183,1
143488184,1
143488185,1
143488186,1
143488187,1
143488188,1
143488189,1
143488190,1
143488191,1
143488192,1
143488193,1
143488194,1
143488195,1
143488196,1
143488197,1
143488198,1
143488199,1
143488200,1
143488201,1
143488202,1
143488203,1
143488204,1
143488205,1
143488206,1
143488207,1
143488208,1
143488209,1
143488210,1
143488211,1
143488212,1
143488213,1
143488214,1
143488215,1
143488216,1
143488217,1
143488218,1
143488219,1
143488220,1
143488221,1
143488222,1
143488223,1
143488224,1
143488225,1
143488226,1
143488227,1
143488228,1
143488229,1
143488230,1
143488231,1
143488232,1
143488233,1
143488234,1
143488235,1
143488236,1
143488237,1
143488238,1
143488239,1
143488240,1
143488241,1
143488242,1
143488248,1
143488249,1
143488250,1
143488251,1
143488252,1
143488253,1
143488254,1
143488255,1
143488256,1
143488257,1
143488258,1
143488259,8
143488260,3
143488261,1
143488262,1
143488263,1
143488264,1
143488265,1
143488266,1
143488267,1
143488268,1
143488269,1
143488270,1
143488271,1
143488272,1
143488273,1
143488274,8
143488275,3
143488276,1
143488277,1
143488284,1
143488285,1
143488287,1
143488288,1
143488290,1
143488291,1
143488292,1
143488293,1
143488294,1
143488295,1
143488296,1
143488297,1
143488298,1
143488303,1
143488305,1
143488306,1
143488307,1
143488308,1
143488309,1
143488310,1
143488311,1
143488312,1
143488313,1
143488314,1
143488315,1
143488316,1
143488317,1
143488318,1
143488319,1
143488324,1
143488325,1
143488326,1
143488327,1
143488328,1
143488329,1
143488330,1
143488331,1
143488333,1
143488334,1
143488335,1
143488336,1
143488337,1
143488338,1
143488339,1
143488340,1
143488345,1
143488346,1
143488347,1
143488348,1
143488349,1
143488350,1
143488351,1
143488352,1
143488354,1
143488355,1
143488356,1
143488357,1
143488358,1
143488360,1
143488361,1
143488363,1
143488364,3
143488365,20
143488366,1
143488367,1
143488368,1
143488369,1
143488370,1
143488371,1
143488372,1
143488373,2
143488374,7
143488375,1
143488376,1
143488377,1
143488378,1
143488379,1
143488380,1
143488381,1
143488382,1
143488383,1
143488384,1
143488385,1
143488386,1
143488387,1
143488388,1
143488389,1
143488390,3
143488391,1
143488392,1
143488393,1
143488394,1
143488395,3
143488396,3
143488397,7
143488398,1
143488399,1
143488400,1
143488401,1
143488402,1
143488403,1
143488404,1
143488405,1
143488406,1
143488407,1
143488408,1
143488409,1
143488410,1
143488411,1
143488412,1
143488413,1
143488414,1
143488415,1
143488416,1
143488417,1
143488418,1
143488419,1
143488420,1
143488421,1
143488422,1
143488423,1
143488424,1
143488425,1
143488426,1
143488427,1
143488428,1
143488429,1
143488430,1
143488431,1
143488432,1
143488433,1
143488434,1
143488435,1
143488436,1
143488437,1
143488438,1
143488439,1
143488440,1
143488441,1
143488442,1
143488443,1
143488444,1
143488445,1
143488446,1
143488447,1
143488448,1
143488449,1
143488450,3
143488451,1
143488452,1
143488453,8
143488454,8
143488455,3
143488456,3
143488457,1
143488458,1
143488459,1
143488460,1
143488461,1
143488462,7
143488463,7
143488464,3
143488465,3
143488466,1
143488467,1
143488468,1
143488469,1
143488470,1
143488471,1
143488472,1
143488473,2
143488474,1
143488475,1
143488476,1
143488478,1
143488479,1
143488480,1
143488481,1
143488486,1
143488487,1
143488488,1
143488489,1
143488490,1
143488491,1
143488492,1
143488493,1
143488494,1
143488495,1
143488496,1
143488497,1
143488498,1
143488499,1
143488500,1
143488503,1
143488504,1
143488505,1
143488506,1
143488507,1
143488508,1
143488509,1
143488510,1
143488511,1
143488512,1
143488513,1
143488514,1
143488515,1
143488516,1
143488517,1
143488518,1
143488519,1
143488520,1
143488521,1
143488522,1
143488523,1
143488524,1
143488525,1
143488526,1
143488527,1
143488528,1
143488529,1
143488530,1
143488531,1
143488532,1
143488533,1
143488534,1
143488535,1
143488536,1
143488537,1
143488538,1
143488539,1
143488540,1
143488541,1
143488542,1
143488543,1
143488544,1
143488545,1
143488546,1
143488547,1
143488548,1
143488549,1
143488550,1
143488551,1
143488552,1
143488553,1
143488554,1
143488555,1
143488556,1
143488557,1
143488558,1
143488559,1
143488560,1
143488561,1
143488562,1
143488563,1
143488564,1
143488565,1
143488566,1
143488567,1
143488568,1
143488569,1
143488570,1
143488571,1
143488572,1
143488573,1
143488574,1
143488575,1
143488576,1
143488577,1
143488578,1
143488579,1
143488580,1
143488581,1
143488583,1
143488584,1
143488585,1
143488586,1
143488587,1
143488588,1
143488589,1
143488590,1
143488591,1
143488592,1
143488593,1
143488594,1
143488595,1
143488596,1
143488597,1
143488598,1
143488599,1
143488600,1
143488601,1
143488602,1
143488603,1
143488604,1
143488605,1
143488606,1
143488607,1
143488608,1
143488609,1
143488610,1
143488611,1
143488612,1
143488613,1
143488614,1
143488615,1
143488616,1
143488617,1
143488618,1
143488619,1
143488620,1
143488621,1
143488622,1
143488623,1
143488624,1
143488625,1
143488626,1
143488627,1
143488628,1
143488629,1
143488630,1
143488631,1
143488632,1
143488633,1
143488634,1
143488635,1
143488636,1
143488637,1
143488638,1
143488639,1
143488640,1
143488641,1
143488642,1
143488643,1
143488644,1
143488645,1
143488646,1
143488647,1
143488648,1
143488649,1
143488650,1
143488651,1
143488652,1
143488653,1
143488654,1
143488655,1
143488656,1
143488657,1
143488658,1
143488659,1
143488660,1
143488661,1
143488662,1
143488663,1
143488664,1
143488665,1
143488666,1
143488673,1
143488675,1
143488676,1
143488677,1
143488678,1
143488679,1
143488689,1
143488691,1
143488692,1
143488693,1
143488694,1
143488695,1
143488696,1
143488697,1
143488698,1
143488699,1
143488700,1
143488701,1
143488702,1
143488703,1
143488704,1
143488705,1
143488706,1
143488707,1
143488708,1
143488709,1
143488710,1
143488711,1
143488712,1
143488713,1
143488714,1
143488715,1
143488716,1
143488717,1
143488718,1
143488719,1
143488720,1
143488721,1
143488722,1
143488723,1
143488724,1
143488725,1
143488726,1
143488727,1
143488728,1
143488729,1
143488730,1
143488731,1
143488732,1
143488733,1
143488734,1
143488735,1
143488736,1
143488737,1
143488738,1
143488739,1
143488740,1
143488741,1
143488742,1
143488743,1
143488744,1
143488745,1
143488746,1
143488747,1
143488748,1
143488749,1
143488750,1
143488751,1
143488752,1
143488753,1
143488754,1
143488755,1
143488756,1
143488757,1
143488758,1
143488759,1
143488760,1
143488761,1
143488762,1
143488763,1
143488764,1
143488765,1
143488766,1
143488767,1
143488768,1
143488769,1
143488770,1
143488771,1
143488772,1
143488773,1
143488774,1
143488775,1
143488776,1
143488777,1
143488779,1
143488780,1
143488781,1
143488782,1
143488785,1
143488786,1
143488787,1
143488788,1
143488789,1
143488790,1
143488791,1
143488792,1
143488793,1
143488794,1
143488795,1
143488796,1
143488797,1
143488798,1
143488799,1
143488800,1
143488801,1
143488802,1
143488803,1
143488804,1
143488805,1
143488806,1
143488807,1
143488808,1
143488809,1
143488810,1
143488811,1
143488813,1
143488814,1
143488815,1
143488816,1
143488817,1
143488818,1
143488819,1
143488820,1
143488821,1
143488822,1
143488823,1
143488824,1
143488825,1
143488826,1
143488827,1
143488828,1
143488829,1
143488830,1
143488831,1
143488832,1
143488833,1
143488834,1
143488835,1
143488836,1
143488837,1
143488838,1
143488839,1
143488840,1
143488841,1
143488842,1
143488843,1
143488844,1
143488845,1
143488846,1
143488847,1
143488848,1
143488849,1
143488850,1
143488851,1
143488852,1
143488853,1
143488854,1
143488855,1
143488856,1
143488857,1
143488858,1
143488859,1
143488860,1
143488861,1
143488862,1
143488863,1
143488864,1
143488865,1
143488866,1
143488867,1
143488868,1
143488869,1
143488870,1
143488871,1
143488872,1
143488873,1
143488874,1
143488875,1
143488876,1
143488877,1
143488878,1
143488879,1
143488880,1
143488881,1
143488882,1
143488883,1
143488884,1
143488885,1
143488886,1
143488887,1
143488888,1
143488889,1
143488890,1
143488891,1
143488892,1
143488893,1
143488894,1
143488895,1
143488896,1
143488897,1
143488899,1
143488900,1
143488901,1
143488905,1
143488906,1
143488907,1
143488908,1
143488909,1
143488910,1
143488911,1
143488912,1
143488913,1
143488914,1
143488915,1
143488916,1
143488917,1
143488918,1
143488919,1
143488920,1
143488921,1
143488922,1
143488923,1
143488924,1
143488925,1
143488926,1
143488927,1
143488928,1
143488929,1
143488930,1
143488931,1
143488932,1
143488933,1
143488934,1
143488935,1
143488936,1
143488937,1
143488938,1
143488939,1
143488940,1
143488941,1
143488942,1
143488943,1
143488944,1
143488945,1
143488946,1
143488947,1
143488948,1
143488949,1
143488950,1
143488951,1
143488952,1
143488953,1
143488954,1
143488955,1
143488956,1
143488957,7
143488958,1
143488959,1
143488960,1
143488961,1
143488962,1
143488963,1
143488964,1
143488965,1
143488966,1
143488967,1
143488968,1
143488969,1
143488970,1
143488971,1
143488972,1
143488973,1
143488974,1
143488975,1
143488976,1
143488977,1
143488978,1
143488979,1
143488980,1
143488981,1
143488982,1
143488983,1
143488984,1
143488985,1
143488986,1
143488987,1
143488988,1
143488989,1
143488990,1
143488991,1
143488992,1
143488993,1
143488994,1
143488995,1
143488996,1
143488997,1
143488998,1
143488999,1
143489000,1
143489001,1
143489002,1
143489003,1
143489004,1
143489005,1
143489006,1
143489007,1
143489008,1
143489009,1
143489010,1
143489012,1
143489014,1
143489015,1
143489016,1
143489017,1
143489018,1
143489019,1
143489020,1
143489021,1
143489022,1
143489023,1
143489024,1
143489025,1
143489026,1
143489027,1
143489028,1
143489029,1
143489030,1
143489031,1
143489032,1
143489033,1
143489034,1
143489035,1
143489036,1
143489037,1
143489038,1
143489039,1
143489040,1
143489041,1
143489042,1
143489045,1
143489046,1
143489047,1
143489050,1
143489051,1
143489052,1
143489053,1
143489054,1
143489055,1
143489056,1
143489057,1
143489058,1
143489059,1
143489060,1
143489061,1
143489062,1
143489063,1
143489064,1
143489065,1
143489066,1
143489067,1
143489068,1
143489069,1
143489070,1
143489071,1
143489072,1
143489073,1
143489074,1
143489075,1
143489076,1
143489077,1
143489078,1
143489079,1
143489080,1
143489081,1
143489082,1
143489083,1
143489084,1
143489085,1
143489086,1
143489087,1
143489088,1
143489089,1
143489090,1
143489091,1
143489092,1
143489093,1
143489094,1
143489095,1
143489096,1
143489097,1
143489098,1
143489099,1
143489100,1
143489101,1
143489102,1
143489103,1
143489104,1
143489105,1
143489106,1
143489107,1
143489108,1
143489109,1
143489110,1
143489111,1
143489112,1
143489113,1
143489114,1
143489115,1
143489116,1
143489117,1
143489118,1
143489119,1
143489120,1
143489121,1
143489122,1
143489123,1
143489124,1
143489125,1
143489126,1
143489127,1
143489128,1
143489129,1
143489130,1
143489131,1
143489132,1
143489133,1
143489134,1
143489135,1
143489136,1
143489137,1
143489138,1
143489139,1
143489140,1
143489141,1
143489142,1
143489143,1
143489144,1
143489145,1
143489146,1
143489147,1
143489148,1
143489149,1
143489150,1
143489151,1
143489152,1
143489153,1
143489154,1
143489155,1
143489156,1
143489157,1
143489158,1
143489159,1
143489160,1
143489161,1
143489162,1
143489166,1
143489167,1
143489170,1
143489171,1
143489172,1
143489173,1
143489174,1
143489175,1
143489176,1
143489177,1
143489178,1
143489179,1
143489180,1
143489181,1
143489182,1
143489183,1
143489184,1
143489185,1
143489186,1
143489187,1
143489188,1
143489189,1
143489190,1
143489191,1
143489192,1
143489193,1
143489194,1
143489195,1
143489196,1
143489197,1
143489198,1
143489199,1
143489200,1
143489201,1
143489202,1
143489203,1
143489204,1
143489205,1
143489206,1
143489207,1
143489208,1
143489209,1
143489210,1
143489211,1
143489212,1
143489213,1
143489214,1
143489215,1
143489216,1
143489217,1
143489218,1
143489219,1
143489220,1
143489221,1
143489222,1
143489223,1
143489224,1
143489225,1
143489226,1
143489227,1
143489228,1
143489229,1
143489230,1
143489231,1
143489232,1
143489233,1
143489234,1
143489235,1
143489236,1
143489237,1
143489238,1
143489239,1
143489240,1
143489241,1
143489242,1
143489243,1
143489244,1
143489245,1
143489246,1
143489247,1
143489248,1
143489249,1
143489250,1
143489251,1
143489252,1
143489253,1
143489254,1
143489255,1
143489256,1
143489257,1
143489258,1
143489259,1
143489260,1
143489261,1
143489262,1
143489263,1
143489264,1
143489265,1
143489266,1
143489267,1
143489268,1
143489269,1
143489270,1
143489271,1
143489272,1
143489273,1
143489274,1
143489275,1
143489276,1
143489277,1
143489278,1
143489279,1
143489280,1
143489281,1
143489282,1
143489283,1
143489284,1
143489286,1
143489287,1
143489290,1
143489291,1
143489292,1
143489293,1
143489294,1
143489295,1
143489296,1
143489297,1
143489298,1
143489299,1
143489300,1
143489301,1
143489302,1
143489303,1
143489304,1
143489305,1
143489306,1
143489307,1
143489308,1
143489309,1
143489310,1
143489311,1
143489312,1
143489313,1
143489314,1
143489315,1
143489316,1
143489317,1
143489318,1
143489319,1
143489320,1
143489321,1
143489322,1
143489323,1
143489324,1
143489325,1
143489326,1
143489327,1
143489328,1
143489329,1
143489330,1
143489331,1
143489332,1
143489333,1
143489334,1
143489335,1
143489336,1
143489337,1
143489338,1
143489339,1
143489340,1
143489341,1
143489342,1
143489343,1
143489344,1
143489345,1
143489346,1
143489347,1
143489348,1
143489349,1
143489350,1
143489351,1
143489352,1
143489353,1
143489354,1
143489355,1
143489356,1
143489357,1
143489358,1
143489359,1
143489360,1
143489361,1
143489362,1
143489363,1
143489364,1
143489365,1
143489366,1
143489367,1
143489368,1
143489369,1
143489370,1
143489371,1
143489372,1
143489373,1
143489374,1
143489376,1
143489377,1
143489378,1
143489379,1
143489380,1
143489381,1
143489382,1
143489383,1
143489385,1
143489386,1
143489387,1
143489388,1
143489389,1
143489390,1
143489391,1
143489392,1
143489393,1
143489394,1
143489395,1
143489396,1
143489397,1
143489398,1
143489399,1
143489400,1
143489401,1
143489402,1
143489403,1
143489404,1
143489405,1
143489406,1
143489407,1
143489409,1
143489410,1
143489411,1
143489412,1
143489413,1
143489414,1
143489415,1
143489416,1
143489417,1
143489418,1
143489419,1
143489420,1
143489421,1
143489422,1
143489423,1
143489424,1
143489425,1
143489426,1
143489427,1
143489428,1
143489429,1
143489430,1
143489431,1
143489432,1
143489433,1
143489434,1
143489435,1
143489436,1
143489437,1
143489438,1
143489439,1
143489440,1
143489441,1
143489442,1
143489443,1
143489444,1
143489445,1
143489446,1
143489447,1
143489448,1
143489449,1
143489450,1
143489451,1
143489452,1
143489453,1
143489454,1
143489455,1
143489456,1
143489457,1
143489458,1
143489459,1
143489460,1
143489461,1
143489462,1
143489463,1
143489464,1
143489465,1
143489466,1
143489467,1
143489468,1
143489469,1
143489470,1
143489471,1
143489472,1
143489473,1
143489474,1
143489475,1
143489476,1
143489477,1
143489478,1
143489479,1
143489480,1
143489481,1
143489482,1
143489483,1
143489484,1
143489485,1
143489486,1
143489487,1
143489488,1
143489489,1
143489490,1
143489491,1
143489492,1
143489493,1
143489494,1
143489495,1
143489496,1
143489497,1
143489498,1
143489499,1
143489500,1
143489501,1
143489502,1
143489503,1
143489504,1
143489505,1
143489506,1
143489507,1
143489508,1
143489509,1
143489510,1
143489511,1
143489512,1
143489513,1
143489514,1
143489515,1
143489516,1
143489517,1
143489518,1
143489519,1
143489520,1
143489521,1
143489522,1
143489523,1
143489524,1
143489525,1
143489526,1
143489528,1
143489530,1
143489531,1
143489532,1
143489533,1
143489534,1
143489535,1
143489536,1
143489537,1
143489538,1
143489539,1
143489540,1
143489541,1
143489542,1
143489543,1
143489544,1
143489545,1
143489546,1
143489547,1
143489548,1
143489549,1
143489550,1
143489551,1
143489552,1
143489553,1
143489554,1
143489555,1
143489556,1
143489557,1
143489558,1
143489559,1
143489561,1
143489562,1
143489563,1
143489568,1
143489571,8
143489572,8
143489573,1
143489574,1
143489575,1
143489576,1
143489577,1
143489578,3
143489579,1
143489580,1
143489581,2
143489582,1
143489584,1
143489585,1
143489586,1
143489587,1
143489591,1
143489592,1
143489593,1
143489594,8
143489595,8
143489596,1
143489597,1
143489598,1
143489599,1
143489600,1
143489601,3
143489602,1
143489603,1
143489604,2
143489605,1
143489606,1
143489607,1
143489608,1
143489609,1
143489610,1
143489612,1
143489614,1
143489615,1
143489616,1
143489617,8
143489618,8
143489619,1
143489620,1
143489621,1
143489622,1
143489623,1
143489624,3
143489625,1
143489626,1
143489627,2
143489628,1
143489629,1
143489630,1
143489631,1
143489632,1
143489633,1
143489634,1
143489635,1
143489636,1
143489637,1
143489638,1
143489639,1
143489640,1
143489641,1
143489642,1
143489643,1
143489644,1
143489645,1
143489646,1
143489647,1
143489648,1
143489649,1
143489650,1
143489651,1
143489652,1
143489653,1
143489654,1
143489655,1
143489656,1
143489657,1
143489658,1
143489659,1
143489660,1
143489661,1
143489662,1
143489663,1
143489664,1
143489665,1
143489666,1
143489667,1
143489668,1
143489669,1
143489670,1
143489671,1
143489672,1
143489673,1
143489674,1
143489675,1
143489676,1
143489677,1
143489678,1
143489679,1
143489680,1
143489681,1
143489682,8
143489683,3
143489684,1
143489685,1
143489686,1
143489687,1
143489688,1
143489689,1
143489690,3
143489691,3
143489692,1
143489693,1
143489694,1
143489695,1
143489696,1
143489697,2
143489698,1
143489699,1
143489700,1
143489701,1
143489702,1
143489703,1
143489704,1
143489705,1
143489706,1
143489707,1
143489708,1
143489709,1
143489710,1
143489711,1
143489712,1
143489713,1
143489714,1
143489715,1
143489716,1
143489717,1
143489718,1
143489719,1
143489720,1
143489721,1
143489722,1
143489723,1
143489724,1
143489725,1
143489726,1
143489727,1
143489728,1
143489729,1
143489730,1
143489731,1
143489732,1
143489733,1
143489734,1
143489735,1
143489736,1
143489737,1
143489738,1
143489739,1
143489740,1
143489741,1
143489742,1
143489743,1
143489744,1
143489745,1
143489746,1
143489747,1
143489748,1
143489749,1
143489750,1
143489751,1
143489752,1
143489753,1
143489754,1
143489755,1
143489756,1
143489757,1
143489758,1
143489759,1
143489760,1
143489761,1
143489762,1
143489763,1
143489764,1
143489765,1
143489766,1
143489767,1
143489768,1
143489769,8
143489770,3
143489771,1
143489772,1
143489773,1
143489774,1
143489775,1
143489776,1
143489777,3
143489778,3
143489779,1
143489780,1
143489781,1
143489782,1
143489783,1
143489784,2
143489929,1
143490480,1
143490481,1
143490482,1
143490483,1
143490485,1
143490486,1
143490487,1
143490488,1
143490489,1
143490490,1
143490504,1
143490505,1
143490507,1
143490508,1
143490509,1
143490510,1
143490511,1
143490512,1
143490513,1
143490514,1
143490515,1
143490516,1
143490517,1
143490518,1
143490519,1
143490600,1
143490601,1
143490602,1
143490603,1
143490604,1
143490605,1
143490606,1
143490607,1
143490608,1
143490609,1
143490610,1
143490611,1
143490612,1
143490613,1
143490614,1
143490635,1
143490636,1
143490637,1
143490638,1
143490639,1
143490640,1
143490641,1
143490642,1
143490643,1
143490644,1
143490645,1
143490646,1
143490647,1
143490648,1
143490649,1
143490654,1
143490655,1
143490656,1
143490657,1
143490658,1
143490659,1
143490660,1
143490661,1
143490662,1
143490663,1
143490664,1
143490666,1
143490668,1
143490669,1
143490670,1
143490720,1
143490721,1
143490722,1
143490723,1
143490724,1
143490725,1
143490726,1
143490727,1
143490728,1
143490729,1
143490730,1
143490731,1
143490732,1
143490733,1
143490734,1
143490735,1
143490736,1
143490751,1
143490752,1
143490753,1
143490754,1
143490755,1
143490756,1
143490757,1
143490758,1
143490759,1
143490760,1
143490761,1
143490768,1
143490769,1
143490770,1
143490771,1
143490772,1
143490773,1
143490774,1
143490775,1
143490776,1
143490777,1
143490778,1
143490800,1
143491628,1
143493286,1
143493534,1
143494331,1
143494332,1
143494738,1
143494739,1
143494740,1
143494741,1
143494742,1
143494745,1
143494746,1
143494747,1
143494748,1
143495043,1
143495044,1
143495045,1
143495046,1
143495051,1
143495052,1
143495053,1
143495054,1
143495062,1
143495166,1
143495167,1
143495168,1
143495169,1
143495173,1
143495174,1
143495175,1
143495176,1
143495177,1
143495252,1
143495253,1
143495254,1
143495255,1
143495256,1
143495259,1
143495260,1
143495261,1
143495262,1
143495315,1
143495316,1
143495317,1
143495318,1
143495319,1
143495320,1
143495321,1
143495322,1
143495323,1
143498508,1
143498512,1
143498549,1
143498582,1
143498615,1
143498852,1
143498886,1
143498891,1
143499836,1
143500310,1
143501126,1
143501132,1
143501133,1
143501136,9
143501140,5
143501146,150
143501147,20
143501149,20
143501151,3
143501154,132
143501159,150
143501262,1
143501264,1
143501265,1
143501266,1
143501267,1
143501268,1
143501269,1
143501270,1
143501322,1
143501323,1
143501324,1
143501325,1
143501326,1
143501327,1
143501328,1
143501329,1
143501330,1
143501331,1
143501332,1
143501416,1
143501417,1
143501418,1
143501419,1
143501420,1
143501421,1
143501422,1
143501423,1
143501424,1
143501425,1
143501426,1
143501427,1
143501429,1
143501484,1
143501485,1
143501486,1
143501487,1
143501488,1
143501489,1
143501490,1
143501491,1
143501493,1
143501494,1
143501560,1
143501561,1
143501562,1
143501563,1
143501564,1
143501565,1
143501566,1
143501567,1
143501570,1
143501574,1
143501625,1
143501626,1
143501627,1
143501628,1
143501629,1
143501630,1
143501631,1
143501632,1
143501633,1
143501634,1
143501635,1
143501671,1
143501672,1
143501673,1
143501674,1
143501675,1
143501676,1
143501677,1
143501678,1
143501679,1
143501680,1
143501693,1
143501694,1
143501695,1
143501696,1
143501697,1
143501698,1
143501699,1
143501700,1
143501701,1
143501702,1
143501811,1
143501909,1
143501953,1
143501954,1
143501992,1
143501993,1
143501994,1
143501995,1
143501996,1
143501997,1
143501998,1
143501999,1
143502000,1
143502001,1
143502002,1
143502003,1
143502004,1
143502005,1
143502006,1
143502016,1
143502026,1
143502073,1
143502340,1
143502857,1
143502921,1
143502952,1
143503489,1
143503521,1
143503550,1
143504068,1
143504153,1
143504168,1
143504173,1
143504349,1
143504572,1
143504687,1
143504688,1
143504689,1
143504690,1
143504691,1
143504759,1
143504760,1
143504762,1
143504763,1
143504769,1
143504770,1
143504771,1
143504772,1
143504773,1
143504774,1
143504963,1
143504964,1
143504965,1
143504966,1
143504967,1
143505036,1
143505037,1
143505038,1
143505039,1
143505040,1
143505042,1
143505043,1
143505044,1
143505045,1
143505046,1
143505047,1
143505192,1
143505193,1
143505194,1
143505195,1
143505196,1
143505197,1
143505391,1
143505392,1
143505393,1
143505394,1
143505395,1
143505396,1
143505402,1
143505403,1
143505404,1
143505405,1
143505406,1
143505407,1
143505482,1
143505483,1
143505484,1
143505485,1
143505486,1
143505487,1
143505641,1
143505642,1
143505828,1
143505829,1
143505830,1
143505831,1
143505832,1
143505833,1
143505869,1
143505888,1
143506033,1
143506062,1
143506063,1
143506064,1
143506065,1
143506066,1
143506067,1
143506076,1
143506077,1
143506078,1
143506079,1
143506087,1
143506088,1
143506089,1
143506090,1
143506091,1
143506092,1
143506093,1
143506094,1
143506095,1
143506096,1
143506097,1
143506098,1
143506117,1
143506118,1
143506119,1
143506120,1
143506121,1
143506122,1
143506123,1
143506124,1
143506125,1
143506126,1
143506127,1
143506128,1
143506129,1
143506147,1
143506148,1
143506149,1
143506150,1
143506151,1
143506152,1
143506153,1
143506154,1
143506155,1
143506156,1
143506157,1
143506158,1
143506163,1
143506164,1
143506165,1
143506166,1
143506167,1
143506168,1
143506169,1
143506170,1
143506171,1
143506172,1
143506173,1
143506174,1
143506180,1
143506181,1
143506182,1
143506183,1
143506184,1
143506185,1
143506186,1
143506187,1
143506188,1
143506189,1
143506190,1
143506191,1
143506200,1
143506201,1
143506202,1
143506203,1
143506204,1
143506205,1
143506206,1
143506207,1
143506208,1
143506209,1
143506210,1
143506211,1
143506212,1
143506214,1
143506216,1
143506217,1
143506218,1
143506219,1
143506220,1
143506221,1
143506222,1
143506223,1
143506224,1
143506225,1
143506226,1
143506227,1
143506228,1
143506229,1
143506239,1
143506240,1
143506262,1
143506317,1
143506318,1
143506319,1
143506585,1
143506608,1
143506675,1
143506699,1
143506877,1
143507004,1
143507079,1
143507106,1
143507126,1
143507131,5
143507132,150
143507133,150
143507136,1
143507139,5
143507140,150
143507141,150
143507175,1
143507193,1
143507197,1
143507199,1
143507203,1
143507253,1
143507394,1
143507470,1
143507511,1
143507537,1
143507784,1
143507826,1
143507861,1
143507871,1
143507878,1
143507887,1
143507888,1
143507889,1
143507891,1
143507912,1
143507919,1
143507922,1
143507923,1
143507934,1
143507944,1
143507947,1
143507949,1
143507965,1
143507966,1
143507971,1
143507972,1
143507979,1
143507981,1
143507984,1
143508041,1
143508042,1
143508052,1
143508053,1
143508065,1
143508075,1
143508076,1
143508077,1
143508078,1
143508079,1
143508080,1
143508081,1
143508082,1
143508083,1
143508084,1
143508085,1
143508086,1
143508087,1
143508088,1
143508089,1
143508090,1
143508091,1
143508093,1
143508139,1
143508155,1
143508156,1
143508157,1
143508158,1
143508159,1
143508160,1
143508161,1
143508162,1
143508163,1
143508167,1
143508168,1
143508169,1
143508170,1
143508171,1
143508172,1
143508173,1
143508174,1
143508175,1
143508176,1
143508177,1
143508178,1
143508179,1
143508180,1
143508181,1
143508182,1
143508183,1
143508193,1
143508194,1
143508223,1
143508224,1
143508308,1
143508309,1
143508334,1
143508494,1
143508495,1
143508496,1
143508539,1
143508541,1
143508542,1
143508543,1
143508556,1
143508589,1
143508590,1
143508612,1
143508669,1
143508839,1
143508847,1
143508891,1
143508933,1
143508935,1
143509115,1
143509404,1
143509473,1
143509524,1
143509525,1
143509526,1
143509527,1
143509528,1
143509529,1
143509530,1
143509531,1
143509532,1
143509533,1
143509534,1
143509535,1
143509536,1
143509537,1
143509538,1
143509539,1
143509541,1
143509542,1
143509543,1
143509544,1
143509545,1
143509546,1
143509547,1
143509548,1
143509549,1
143509550,1
143509551,1
143509552,1
143509553,1
143509554,1
143509555,1
143509556,1
143509557,1
143509558,1
143509559,1
143509560,1
143509561,1
143509562,1
143509585,1
143509586,1
143509587,1
143509588,1
143509589,1
143509590,1
143509591,1
143509592,1
143509593,1
143509594,1
143509595,1
143509596,1
143509597,1
143509598,1
143509599,1
143509600,1
143509603,1
143509609,1
143509610,1
143509611,1
143509612,1
143509613,1
143509614,1
143509615,1
143509616,1
143509617,1
143509618,1
143509619,1
143509620,1
143509621,1
143509622,1
143509623,1
143509642,1
143509677,1
143509678,1
143509706,1
143509707,1
143509708,1
143509713,1
143509715,1
143509716,1
143509717,1
143509718,1
143509911,1
143510021,1
143510047,1
143510198,1
143510387,1
143510450,1
143510501,1
143510504,1
143510555,1
143510580,1
143510582,1
143510583,1
143510784,1
143510800,1
143510812,1
143511042,1
143511137,1
143511201,1
143511202,1
143511203,1
143511204,1
143511205,1
143511206,1
143511208,1
143511209,1
143511210,1
143511211,1
143511212,1
143511213,1
143511214,1
143511215,1
143511216,1
143511217,1
143511218,1
143511219,1
143511220,1
143511221,1
143511222,1
143511223,1
143511224,1
143511225,1
143511226,1
143511227,1
143511228,1
143511229,1
143511230,1
143511231,1
143511232,1
143511233,1
143511234,1
143511235,1
143511236,1
143511237,1
143511238,1
143511239,1
143511240,1
143511242,1
143511257,1
143511261,1
143511269,1
143511270,1
143511272,1
143511273,1
143511276,1
143511277,1
143511278,1
143511279,1
143511293,1
143511295,1
143511346,1
143511348,1
143511350,1
143511351,1
143511352,1
143511353,1
143511354,1
143511356,1
143511393,1
143511489,1
143511490,1
143511491,1
143511492,1
143511493,1
143511494,1
143511495,1
143511496,1
143511497,1
143511498,1
143511499,1
143511500,1
143511502,1
143511521,1
143511603,1
143511702,1
143511703,1
143511767,1
143511768,1
143511769,1
143511770,1
143511771,1
143511772,1
143511777,1
143511778,1
143511782,1
143511854,1
143511959,1
143511960,1
143511961,1
143511962,1
143511963,1
143511983,1
143512003,1
143512005,1
143512006,1
143512007,1
143512008,1
143512009,1
143512010,1
143512011,1
143512012,1
143512013,1
143512014,1
143512015,1
143512020,1
143512021,1
143512022,1
143512023,1
143512024,1
143512030,1
143512035,1
143512041,1
143512047,1
143512282,1
143512298,1
